sun 0.0 0.0 1.9891E+30 0.0
mercury -2.10526389E+10 -6.6406696E+10 36653.0187 -12289.8482 3.302E+23 0.0
venus -1.07505643E+11 -3.36652386E+9 889.160643 -35159.2381 48.685E+23 0.0
earth -2.52109509E+10 1.44928045E+11 -29839.859 -5207.63851 5.9736E+24 0.0
mars 2.07995235E+11 -3.14301182E+9 1295.00459 26294.4434 6.4185E+23 0.0
st11 0.0 0.0 -725.0 -725.0 1000.0 0.0
st12 0.0 0.0 -725.0 -450.0 1000.0 0.0
st13 0.0 0.0 -725.0 -175.0 1000.0 0.0
st14 0.0 0.0 -725.0 100.0 1000.0 0.0
st15 0.0 0.0 -725.0 375.0 1000.0 0.0
st16 0.0 0.0 -725.0 650.0 1000.0 0.0
st17 0.0 0.0 -725.0 925.0 1000.0 0.0
st18 0.0 0.0 -725.0 1200.0 1000.0 0.0
st19 0.0 0.0 -725.0 1475.0 1000.0 0.0
st110 0.0 0.0 -725.0 1750.0 1000.0 0.0
st111 0.0 0.0 -725.0 2025.0 1000.0 0.0
st112 0.0 0.0 -725.0 2300.0 1000.0 0.0
st113 0.0 0.0 -725.0 2575.0 1000.0 0.0
st114 0.0 0.0 -725.0 2850.0 1000.0 0.0
st115 0.0 0.0 -725.0 3125.0 1000.0 0.0
st116 0.0 0.0 -725.0 3400.0 1000.0 0.0
st117 0.0 0.0 -725.0 3675.0 1000.0 0.0
st118 0.0 0.0 -725.0 3950.0 1000.0 0.0
st119 0.0 0.0 -725.0 4225.0 1000.0 0.0
st120 0.0 0.0 -725.0 4500.0 1000.0 0.0
st121 0.0 0.0 -725.0 4775.0 1000.0 0.0
st122 0.0 0.0 -725.0 5050.0 1000.0 0.0
st123 0.0 0.0 -725.0 5325.0 1000.0 0.0
st124 0.0 0.0 -725.0 5600.0 1000.0 0.0
st125 0.0 0.0 -725.0 5875.0 1000.0 0.0
st126 0.0 0.0 -725.0 6150.0 1000.0 0.0
st127 0.0 0.0 -725.0 6425.0 1000.0 0.0
st128 0.0 0.0 -725.0 6700.0 1000.0 0.0
st129 0.0 0.0 -725.0 6975.0 1000.0 0.0
st130 0.0 0.0 -725.0 7250.0 1000.0 0.0
st131 0.0 0.0 -725.0 7525.0 1000.0 0.0
st132 0.0 0.0 -725.0 7800.0 1000.0 0.0
st133 0.0 0.0 -725.0 8075.0 1000.0 0.0
st134 0.0 0.0 -725.0 8350.0 1000.0 0.0
st135 0.0 0.0 -725.0 8625.0 1000.0 0.0
st136 0.0 0.0 -725.0 8900.0 1000.0 0.0
st137 0.0 0.0 -725.0 9175.0 1000.0 0.0
st138 0.0 0.0 -725.0 9450.0 1000.0 0.0
st139 0.0 0.0 -725.0 9725.0 1000.0 0.0
st21 0.0 0.0 -450.0 -725.0 1000.0 0.0
st22 0.0 0.0 -450.0 -450.0 1000.0 0.0
st23 0.0 0.0 -450.0 -175.0 1000.0 0.0
st24 0.0 0.0 -450.0 100.0 1000.0 0.0
st25 0.0 0.0 -450.0 375.0 1000.0 0.0
st26 0.0 0.0 -450.0 650.0 1000.0 0.0
st27 0.0 0.0 -450.0 925.0 1000.0 0.0
st28 0.0 0.0 -450.0 1200.0 1000.0 0.0
st29 0.0 0.0 -450.0 1475.0 1000.0 0.0
st210 0.0 0.0 -450.0 1750.0 1000.0 0.0
st211 0.0 0.0 -450.0 2025.0 1000.0 0.0
st212 0.0 0.0 -450.0 2300.0 1000.0 0.0
st213 0.0 0.0 -450.0 2575.0 1000.0 0.0
st214 0.0 0.0 -450.0 2850.0 1000.0 0.0
st215 0.0 0.0 -450.0 3125.0 1000.0 0.0
st216 0.0 0.0 -450.0 3400.0 1000.0 0.0
st217 0.0 0.0 -450.0 3675.0 1000.0 0.0
st218 0.0 0.0 -450.0 3950.0 1000.0 0.0
st219 0.0 0.0 -450.0 4225.0 1000.0 0.0
st220 0.0 0.0 -450.0 4500.0 1000.0 0.0
st221 0.0 0.0 -450.0 4775.0 1000.0 0.0
st222 0.0 0.0 -450.0 5050.0 1000.0 0.0
st223 0.0 0.0 -450.0 5325.0 1000.0 0.0
st224 0.0 0.0 -450.0 5600.0 1000.0 0.0
st225 0.0 0.0 -450.0 5875.0 1000.0 0.0
st226 0.0 0.0 -450.0 6150.0 1000.0 0.0
st227 0.0 0.0 -450.0 6425.0 1000.0 0.0
st228 0.0 0.0 -450.0 6700.0 1000.0 0.0
st229 0.0 0.0 -450.0 6975.0 1000.0 0.0
st230 0.0 0.0 -450.0 7250.0 1000.0 0.0
st231 0.0 0.0 -450.0 7525.0 1000.0 0.0
st232 0.0 0.0 -450.0 7800.0 1000.0 0.0
st233 0.0 0.0 -450.0 8075.0 1000.0 0.0
st234 0.0 0.0 -450.0 8350.0 1000.0 0.0
st235 0.0 0.0 -450.0 8625.0 1000.0 0.0
st236 0.0 0.0 -450.0 8900.0 1000.0 0.0
st237 0.0 0.0 -450.0 9175.0 1000.0 0.0
st238 0.0 0.0 -450.0 9450.0 1000.0 0.0
st239 0.0 0.0 -450.0 9725.0 1000.0 0.0
st31 0.0 0.0 -175.0 -725.0 1000.0 0.0
st32 0.0 0.0 -175.0 -450.0 1000.0 0.0
st33 0.0 0.0 -175.0 -175.0 1000.0 0.0
st34 0.0 0.0 -175.0 100.0 1000.0 0.0
st35 0.0 0.0 -175.0 375.0 1000.0 0.0
st36 0.0 0.0 -175.0 650.0 1000.0 0.0
st37 0.0 0.0 -175.0 925.0 1000.0 0.0
st38 0.0 0.0 -175.0 1200.0 1000.0 0.0
st39 0.0 0.0 -175.0 1475.0 1000.0 0.0
st310 0.0 0.0 -175.0 1750.0 1000.0 0.0
st311 0.0 0.0 -175.0 2025.0 1000.0 0.0
st312 0.0 0.0 -175.0 2300.0 1000.0 0.0
st313 0.0 0.0 -175.0 2575.0 1000.0 0.0
st314 0.0 0.0 -175.0 2850.0 1000.0 0.0
st315 0.0 0.0 -175.0 3125.0 1000.0 0.0
st316 0.0 0.0 -175.0 3400.0 1000.0 0.0
st317 0.0 0.0 -175.0 3675.0 1000.0 0.0
st318 0.0 0.0 -175.0 3950.0 1000.0 0.0
st319 0.0 0.0 -175.0 4225.0 1000.0 0.0
st320 0.0 0.0 -175.0 4500.0 1000.0 0.0
st321 0.0 0.0 -175.0 4775.0 1000.0 0.0
st322 0.0 0.0 -175.0 5050.0 1000.0 0.0
st323 0.0 0.0 -175.0 5325.0 1000.0 0.0
st324 0.0 0.0 -175.0 5600.0 1000.0 0.0
st325 0.0 0.0 -175.0 5875.0 1000.0 0.0
st326 0.0 0.0 -175.0 6150.0 1000.0 0.0
st327 0.0 0.0 -175.0 6425.0 1000.0 0.0
st328 0.0 0.0 -175.0 6700.0 1000.0 0.0
st329 0.0 0.0 -175.0 6975.0 1000.0 0.0
st330 0.0 0.0 -175.0 7250.0 1000.0 0.0
st331 0.0 0.0 -175.0 7525.0 1000.0 0.0
st332 0.0 0.0 -175.0 7800.0 1000.0 0.0
st333 0.0 0.0 -175.0 8075.0 1000.0 0.0
st334 0.0 0.0 -175.0 8350.0 1000.0 0.0
st335 0.0 0.0 -175.0 8625.0 1000.0 0.0
st336 0.0 0.0 -175.0 8900.0 1000.0 0.0
st337 0.0 0.0 -175.0 9175.0 1000.0 0.0
st338 0.0 0.0 -175.0 9450.0 1000.0 0.0
st339 0.0 0.0 -175.0 9725.0 1000.0 0.0
st41 0.0 0.0 100.0 -725.0 1000.0 0.0
st42 0.0 0.0 100.0 -450.0 1000.0 0.0
st43 0.0 0.0 100.0 -175.0 1000.0 0.0
st44 0.0 0.0 100.0 100.0 1000.0 0.0
st45 0.0 0.0 100.0 375.0 1000.0 0.0
st46 0.0 0.0 100.0 650.0 1000.0 0.0
st47 0.0 0.0 100.0 925.0 1000.0 0.0
st48 0.0 0.0 100.0 1200.0 1000.0 0.0
st49 0.0 0.0 100.0 1475.0 1000.0 0.0
st410 0.0 0.0 100.0 1750.0 1000.0 0.0
st411 0.0 0.0 100.0 2025.0 1000.0 0.0
st412 0.0 0.0 100.0 2300.0 1000.0 0.0
st413 0.0 0.0 100.0 2575.0 1000.0 0.0
st414 0.0 0.0 100.0 2850.0 1000.0 0.0
st415 0.0 0.0 100.0 3125.0 1000.0 0.0
st416 0.0 0.0 100.0 3400.0 1000.0 0.0
st417 0.0 0.0 100.0 3675.0 1000.0 0.0
st418 0.0 0.0 100.0 3950.0 1000.0 0.0
st419 0.0 0.0 100.0 4225.0 1000.0 0.0
st420 0.0 0.0 100.0 4500.0 1000.0 0.0
st421 0.0 0.0 100.0 4775.0 1000.0 0.0
st422 0.0 0.0 100.0 5050.0 1000.0 0.0
st423 0.0 0.0 100.0 5325.0 1000.0 0.0
st424 0.0 0.0 100.0 5600.0 1000.0 0.0
st425 0.0 0.0 100.0 5875.0 1000.0 0.0
st426 0.0 0.0 100.0 6150.0 1000.0 0.0
st427 0.0 0.0 100.0 6425.0 1000.0 0.0
st428 0.0 0.0 100.0 6700.0 1000.0 0.0
st429 0.0 0.0 100.0 6975.0 1000.0 0.0
st430 0.0 0.0 100.0 7250.0 1000.0 0.0
st431 0.0 0.0 100.0 7525.0 1000.0 0.0
st432 0.0 0.0 100.0 7800.0 1000.0 0.0
st433 0.0 0.0 100.0 8075.0 1000.0 0.0
st434 0.0 0.0 100.0 8350.0 1000.0 0.0
st435 0.0 0.0 100.0 8625.0 1000.0 0.0
st436 0.0 0.0 100.0 8900.0 1000.0 0.0
st437 0.0 0.0 100.0 9175.0 1000.0 0.0
st438 0.0 0.0 100.0 9450.0 1000.0 0.0
st439 0.0 0.0 100.0 9725.0 1000.0 0.0
st51 0.0 0.0 375.0 -725.0 1000.0 0.0
st52 0.0 0.0 375.0 -450.0 1000.0 0.0
st53 0.0 0.0 375.0 -175.0 1000.0 0.0
st54 0.0 0.0 375.0 100.0 1000.0 0.0
st55 0.0 0.0 375.0 375.0 1000.0 0.0
st56 0.0 0.0 375.0 650.0 1000.0 0.0
st57 0.0 0.0 375.0 925.0 1000.0 0.0
st58 0.0 0.0 375.0 1200.0 1000.0 0.0
st59 0.0 0.0 375.0 1475.0 1000.0 0.0
st510 0.0 0.0 375.0 1750.0 1000.0 0.0
st511 0.0 0.0 375.0 2025.0 1000.0 0.0
st512 0.0 0.0 375.0 2300.0 1000.0 0.0
st513 0.0 0.0 375.0 2575.0 1000.0 0.0
st514 0.0 0.0 375.0 2850.0 1000.0 0.0
st515 0.0 0.0 375.0 3125.0 1000.0 0.0
st516 0.0 0.0 375.0 3400.0 1000.0 0.0
st517 0.0 0.0 375.0 3675.0 1000.0 0.0
st518 0.0 0.0 375.0 3950.0 1000.0 0.0
st519 0.0 0.0 375.0 4225.0 1000.0 0.0
st520 0.0 0.0 375.0 4500.0 1000.0 0.0
st521 0.0 0.0 375.0 4775.0 1000.0 0.0
st522 0.0 0.0 375.0 5050.0 1000.0 0.0
st523 0.0 0.0 375.0 5325.0 1000.0 0.0
st524 0.0 0.0 375.0 5600.0 1000.0 0.0
st525 0.0 0.0 375.0 5875.0 1000.0 0.0
st526 0.0 0.0 375.0 6150.0 1000.0 0.0
st527 0.0 0.0 375.0 6425.0 1000.0 0.0
st528 0.0 0.0 375.0 6700.0 1000.0 0.0
st529 0.0 0.0 375.0 6975.0 1000.0 0.0
st530 0.0 0.0 375.0 7250.0 1000.0 0.0
st531 0.0 0.0 375.0 7525.0 1000.0 0.0
st532 0.0 0.0 375.0 7800.0 1000.0 0.0
st533 0.0 0.0 375.0 8075.0 1000.0 0.0
st534 0.0 0.0 375.0 8350.0 1000.0 0.0
st535 0.0 0.0 375.0 8625.0 1000.0 0.0
st536 0.0 0.0 375.0 8900.0 1000.0 0.0
st537 0.0 0.0 375.0 9175.0 1000.0 0.0
st538 0.0 0.0 375.0 9450.0 1000.0 0.0
st539 0.0 0.0 375.0 9725.0 1000.0 0.0
st61 0.0 0.0 650.0 -725.0 1000.0 0.0
st62 0.0 0.0 650.0 -450.0 1000.0 0.0
st63 0.0 0.0 650.0 -175.0 1000.0 0.0
st64 0.0 0.0 650.0 100.0 1000.0 0.0
st65 0.0 0.0 650.0 375.0 1000.0 0.0
st66 0.0 0.0 650.0 650.0 1000.0 0.0
st67 0.0 0.0 650.0 925.0 1000.0 0.0
st68 0.0 0.0 650.0 1200.0 1000.0 0.0
st69 0.0 0.0 650.0 1475.0 1000.0 0.0
st610 0.0 0.0 650.0 1750.0 1000.0 0.0
st611 0.0 0.0 650.0 2025.0 1000.0 0.0
st612 0.0 0.0 650.0 2300.0 1000.0 0.0
st613 0.0 0.0 650.0 2575.0 1000.0 0.0
st614 0.0 0.0 650.0 2850.0 1000.0 0.0
st615 0.0 0.0 650.0 3125.0 1000.0 0.0
st616 0.0 0.0 650.0 3400.0 1000.0 0.0
st617 0.0 0.0 650.0 3675.0 1000.0 0.0
st618 0.0 0.0 650.0 3950.0 1000.0 0.0
st619 0.0 0.0 650.0 4225.0 1000.0 0.0
st620 0.0 0.0 650.0 4500.0 1000.0 0.0
st621 0.0 0.0 650.0 4775.0 1000.0 0.0
st622 0.0 0.0 650.0 5050.0 1000.0 0.0
st623 0.0 0.0 650.0 5325.0 1000.0 0.0
st624 0.0 0.0 650.0 5600.0 1000.0 0.0
st625 0.0 0.0 650.0 5875.0 1000.0 0.0
st626 0.0 0.0 650.0 6150.0 1000.0 0.0
st627 0.0 0.0 650.0 6425.0 1000.0 0.0
st628 0.0 0.0 650.0 6700.0 1000.0 0.0
st629 0.0 0.0 650.0 6975.0 1000.0 0.0
st630 0.0 0.0 650.0 7250.0 1000.0 0.0
st631 0.0 0.0 650.0 7525.0 1000.0 0.0
st632 0.0 0.0 650.0 7800.0 1000.0 0.0
st633 0.0 0.0 650.0 8075.0 1000.0 0.0
st634 0.0 0.0 650.0 8350.0 1000.0 0.0
st635 0.0 0.0 650.0 8625.0 1000.0 0.0
st636 0.0 0.0 650.0 8900.0 1000.0 0.0
st637 0.0 0.0 650.0 9175.0 1000.0 0.0
st638 0.0 0.0 650.0 9450.0 1000.0 0.0
st639 0.0 0.0 650.0 9725.0 1000.0 0.0
st71 0.0 0.0 925.0 -725.0 1000.0 0.0
st72 0.0 0.0 925.0 -450.0 1000.0 0.0
st73 0.0 0.0 925.0 -175.0 1000.0 0.0
st74 0.0 0.0 925.0 100.0 1000.0 0.0
st75 0.0 0.0 925.0 375.0 1000.0 0.0
st76 0.0 0.0 925.0 650.0 1000.0 0.0
st77 0.0 0.0 925.0 925.0 1000.0 0.0
st78 0.0 0.0 925.0 1200.0 1000.0 0.0
st79 0.0 0.0 925.0 1475.0 1000.0 0.0
st710 0.0 0.0 925.0 1750.0 1000.0 0.0
st711 0.0 0.0 925.0 2025.0 1000.0 0.0
st712 0.0 0.0 925.0 2300.0 1000.0 0.0
st713 0.0 0.0 925.0 2575.0 1000.0 0.0
st714 0.0 0.0 925.0 2850.0 1000.0 0.0
st715 0.0 0.0 925.0 3125.0 1000.0 0.0
st716 0.0 0.0 925.0 3400.0 1000.0 0.0
st717 0.0 0.0 925.0 3675.0 1000.0 0.0
st718 0.0 0.0 925.0 3950.0 1000.0 0.0
st719 0.0 0.0 925.0 4225.0 1000.0 0.0
st720 0.0 0.0 925.0 4500.0 1000.0 0.0
st721 0.0 0.0 925.0 4775.0 1000.0 0.0
st722 0.0 0.0 925.0 5050.0 1000.0 0.0
st723 0.0 0.0 925.0 5325.0 1000.0 0.0
st724 0.0 0.0 925.0 5600.0 1000.0 0.0
st725 0.0 0.0 925.0 5875.0 1000.0 0.0
st726 0.0 0.0 925.0 6150.0 1000.0 0.0
st727 0.0 0.0 925.0 6425.0 1000.0 0.0
st728 0.0 0.0 925.0 6700.0 1000.0 0.0
st729 0.0 0.0 925.0 6975.0 1000.0 0.0
st730 0.0 0.0 925.0 7250.0 1000.0 0.0
st731 0.0 0.0 925.0 7525.0 1000.0 0.0
st732 0.0 0.0 925.0 7800.0 1000.0 0.0
st733 0.0 0.0 925.0 8075.0 1000.0 0.0
st734 0.0 0.0 925.0 8350.0 1000.0 0.0
st735 0.0 0.0 925.0 8625.0 1000.0 0.0
st736 0.0 0.0 925.0 8900.0 1000.0 0.0
st737 0.0 0.0 925.0 9175.0 1000.0 0.0
st738 0.0 0.0 925.0 9450.0 1000.0 0.0
st739 0.0 0.0 925.0 9725.0 1000.0 0.0
st81 0.0 0.0 1200.0 -725.0 1000.0 0.0
st82 0.0 0.0 1200.0 -450.0 1000.0 0.0
st83 0.0 0.0 1200.0 -175.0 1000.0 0.0
st84 0.0 0.0 1200.0 100.0 1000.0 0.0
st85 0.0 0.0 1200.0 375.0 1000.0 0.0
st86 0.0 0.0 1200.0 650.0 1000.0 0.0
st87 0.0 0.0 1200.0 925.0 1000.0 0.0
st88 0.0 0.0 1200.0 1200.0 1000.0 0.0
st89 0.0 0.0 1200.0 1475.0 1000.0 0.0
st810 0.0 0.0 1200.0 1750.0 1000.0 0.0
st811 0.0 0.0 1200.0 2025.0 1000.0 0.0
st812 0.0 0.0 1200.0 2300.0 1000.0 0.0
st813 0.0 0.0 1200.0 2575.0 1000.0 0.0
st814 0.0 0.0 1200.0 2850.0 1000.0 0.0
st815 0.0 0.0 1200.0 3125.0 1000.0 0.0
st816 0.0 0.0 1200.0 3400.0 1000.0 0.0
st817 0.0 0.0 1200.0 3675.0 1000.0 0.0
st818 0.0 0.0 1200.0 3950.0 1000.0 0.0
st819 0.0 0.0 1200.0 4225.0 1000.0 0.0
st820 0.0 0.0 1200.0 4500.0 1000.0 0.0
st821 0.0 0.0 1200.0 4775.0 1000.0 0.0
st822 0.0 0.0 1200.0 5050.0 1000.0 0.0
st823 0.0 0.0 1200.0 5325.0 1000.0 0.0
st824 0.0 0.0 1200.0 5600.0 1000.0 0.0
st825 0.0 0.0 1200.0 5875.0 1000.0 0.0
st826 0.0 0.0 1200.0 6150.0 1000.0 0.0
st827 0.0 0.0 1200.0 6425.0 1000.0 0.0
st828 0.0 0.0 1200.0 6700.0 1000.0 0.0
st829 0.0 0.0 1200.0 6975.0 1000.0 0.0
st830 0.0 0.0 1200.0 7250.0 1000.0 0.0
st831 0.0 0.0 1200.0 7525.0 1000.0 0.0
st832 0.0 0.0 1200.0 7800.0 1000.0 0.0
st833 0.0 0.0 1200.0 8075.0 1000.0 0.0
st834 0.0 0.0 1200.0 8350.0 1000.0 0.0
st835 0.0 0.0 1200.0 8625.0 1000.0 0.0
st836 0.0 0.0 1200.0 8900.0 1000.0 0.0
st837 0.0 0.0 1200.0 9175.0 1000.0 0.0
st838 0.0 0.0 1200.0 9450.0 1000.0 0.0
st839 0.0 0.0 1200.0 9725.0 1000.0 0.0
st91 0.0 0.0 1475.0 -725.0 1000.0 0.0
st92 0.0 0.0 1475.0 -450.0 1000.0 0.0
st93 0.0 0.0 1475.0 -175.0 1000.0 0.0
st94 0.0 0.0 1475.0 100.0 1000.0 0.0
st95 0.0 0.0 1475.0 375.0 1000.0 0.0
st96 0.0 0.0 1475.0 650.0 1000.0 0.0
st97 0.0 0.0 1475.0 925.0 1000.0 0.0
st98 0.0 0.0 1475.0 1200.0 1000.0 0.0
st99 0.0 0.0 1475.0 1475.0 1000.0 0.0
st910 0.0 0.0 1475.0 1750.0 1000.0 0.0
st911 0.0 0.0 1475.0 2025.0 1000.0 0.0
st912 0.0 0.0 1475.0 2300.0 1000.0 0.0
st913 0.0 0.0 1475.0 2575.0 1000.0 0.0
st914 0.0 0.0 1475.0 2850.0 1000.0 0.0
st915 0.0 0.0 1475.0 3125.0 1000.0 0.0
st916 0.0 0.0 1475.0 3400.0 1000.0 0.0
st917 0.0 0.0 1475.0 3675.0 1000.0 0.0
st918 0.0 0.0 1475.0 3950.0 1000.0 0.0
st919 0.0 0.0 1475.0 4225.0 1000.0 0.0
st920 0.0 0.0 1475.0 4500.0 1000.0 0.0
st921 0.0 0.0 1475.0 4775.0 1000.0 0.0
st922 0.0 0.0 1475.0 5050.0 1000.0 0.0
st923 0.0 0.0 1475.0 5325.0 1000.0 0.0
st924 0.0 0.0 1475.0 5600.0 1000.0 0.0
st925 0.0 0.0 1475.0 5875.0 1000.0 0.0
st926 0.0 0.0 1475.0 6150.0 1000.0 0.0
st927 0.0 0.0 1475.0 6425.0 1000.0 0.0
st928 0.0 0.0 1475.0 6700.0 1000.0 0.0
st929 0.0 0.0 1475.0 6975.0 1000.0 0.0
st930 0.0 0.0 1475.0 7250.0 1000.0 0.0
st931 0.0 0.0 1475.0 7525.0 1000.0 0.0
st932 0.0 0.0 1475.0 7800.0 1000.0 0.0
st933 0.0 0.0 1475.0 8075.0 1000.0 0.0
st934 0.0 0.0 1475.0 8350.0 1000.0 0.0
st935 0.0 0.0 1475.0 8625.0 1000.0 0.0
st936 0.0 0.0 1475.0 8900.0 1000.0 0.0
st937 0.0 0.0 1475.0 9175.0 1000.0 0.0
st938 0.0 0.0 1475.0 9450.0 1000.0 0.0
st939 0.0 0.0 1475.0 9725.0 1000.0 0.0
st101 0.0 0.0 1750.0 -725.0 1000.0 0.0
st102 0.0 0.0 1750.0 -450.0 1000.0 0.0
st103 0.0 0.0 1750.0 -175.0 1000.0 0.0
st104 0.0 0.0 1750.0 100.0 1000.0 0.0
st105 0.0 0.0 1750.0 375.0 1000.0 0.0
st106 0.0 0.0 1750.0 650.0 1000.0 0.0
st107 0.0 0.0 1750.0 925.0 1000.0 0.0
st108 0.0 0.0 1750.0 1200.0 1000.0 0.0
st109 0.0 0.0 1750.0 1475.0 1000.0 0.0
st1010 0.0 0.0 1750.0 1750.0 1000.0 0.0
st1011 0.0 0.0 1750.0 2025.0 1000.0 0.0
st1012 0.0 0.0 1750.0 2300.0 1000.0 0.0
st1013 0.0 0.0 1750.0 2575.0 1000.0 0.0
st1014 0.0 0.0 1750.0 2850.0 1000.0 0.0
st1015 0.0 0.0 1750.0 3125.0 1000.0 0.0
st1016 0.0 0.0 1750.0 3400.0 1000.0 0.0
st1017 0.0 0.0 1750.0 3675.0 1000.0 0.0
st1018 0.0 0.0 1750.0 3950.0 1000.0 0.0
st1019 0.0 0.0 1750.0 4225.0 1000.0 0.0
st1020 0.0 0.0 1750.0 4500.0 1000.0 0.0
st1021 0.0 0.0 1750.0 4775.0 1000.0 0.0
st1022 0.0 0.0 1750.0 5050.0 1000.0 0.0
st1023 0.0 0.0 1750.0 5325.0 1000.0 0.0
st1024 0.0 0.0 1750.0 5600.0 1000.0 0.0
st1025 0.0 0.0 1750.0 5875.0 1000.0 0.0
st1026 0.0 0.0 1750.0 6150.0 1000.0 0.0
st1027 0.0 0.0 1750.0 6425.0 1000.0 0.0
st1028 0.0 0.0 1750.0 6700.0 1000.0 0.0
st1029 0.0 0.0 1750.0 6975.0 1000.0 0.0
st1030 0.0 0.0 1750.0 7250.0 1000.0 0.0
st1031 0.0 0.0 1750.0 7525.0 1000.0 0.0
st1032 0.0 0.0 1750.0 7800.0 1000.0 0.0
st1033 0.0 0.0 1750.0 8075.0 1000.0 0.0
st1034 0.0 0.0 1750.0 8350.0 1000.0 0.0
st1035 0.0 0.0 1750.0 8625.0 1000.0 0.0
st1036 0.0 0.0 1750.0 8900.0 1000.0 0.0
st1037 0.0 0.0 1750.0 9175.0 1000.0 0.0
st1038 0.0 0.0 1750.0 9450.0 1000.0 0.0
st1039 0.0 0.0 1750.0 9725.0 1000.0 0.0
st111 0.0 0.0 2025.0 -725.0 1000.0 0.0
st112 0.0 0.0 2025.0 -450.0 1000.0 0.0
st113 0.0 0.0 2025.0 -175.0 1000.0 0.0
st114 0.0 0.0 2025.0 100.0 1000.0 0.0
st115 0.0 0.0 2025.0 375.0 1000.0 0.0
st116 0.0 0.0 2025.0 650.0 1000.0 0.0
st117 0.0 0.0 2025.0 925.0 1000.0 0.0
st118 0.0 0.0 2025.0 1200.0 1000.0 0.0
st119 0.0 0.0 2025.0 1475.0 1000.0 0.0
st1110 0.0 0.0 2025.0 1750.0 1000.0 0.0
st1111 0.0 0.0 2025.0 2025.0 1000.0 0.0
st1112 0.0 0.0 2025.0 2300.0 1000.0 0.0
st1113 0.0 0.0 2025.0 2575.0 1000.0 0.0
st1114 0.0 0.0 2025.0 2850.0 1000.0 0.0
st1115 0.0 0.0 2025.0 3125.0 1000.0 0.0
st1116 0.0 0.0 2025.0 3400.0 1000.0 0.0
st1117 0.0 0.0 2025.0 3675.0 1000.0 0.0
st1118 0.0 0.0 2025.0 3950.0 1000.0 0.0
st1119 0.0 0.0 2025.0 4225.0 1000.0 0.0
st1120 0.0 0.0 2025.0 4500.0 1000.0 0.0
st1121 0.0 0.0 2025.0 4775.0 1000.0 0.0
st1122 0.0 0.0 2025.0 5050.0 1000.0 0.0
st1123 0.0 0.0 2025.0 5325.0 1000.0 0.0
st1124 0.0 0.0 2025.0 5600.0 1000.0 0.0
st1125 0.0 0.0 2025.0 5875.0 1000.0 0.0
st1126 0.0 0.0 2025.0 6150.0 1000.0 0.0
st1127 0.0 0.0 2025.0 6425.0 1000.0 0.0
st1128 0.0 0.0 2025.0 6700.0 1000.0 0.0
st1129 0.0 0.0 2025.0 6975.0 1000.0 0.0
st1130 0.0 0.0 2025.0 7250.0 1000.0 0.0
st1131 0.0 0.0 2025.0 7525.0 1000.0 0.0
st1132 0.0 0.0 2025.0 7800.0 1000.0 0.0
st1133 0.0 0.0 2025.0 8075.0 1000.0 0.0
st1134 0.0 0.0 2025.0 8350.0 1000.0 0.0
st1135 0.0 0.0 2025.0 8625.0 1000.0 0.0
st1136 0.0 0.0 2025.0 8900.0 1000.0 0.0
st1137 0.0 0.0 2025.0 9175.0 1000.0 0.0
st1138 0.0 0.0 2025.0 9450.0 1000.0 0.0
st1139 0.0 0.0 2025.0 9725.0 1000.0 0.0
st121 0.0 0.0 2300.0 -725.0 1000.0 0.0
st122 0.0 0.0 2300.0 -450.0 1000.0 0.0
st123 0.0 0.0 2300.0 -175.0 1000.0 0.0
st124 0.0 0.0 2300.0 100.0 1000.0 0.0
st125 0.0 0.0 2300.0 375.0 1000.0 0.0
st126 0.0 0.0 2300.0 650.0 1000.0 0.0
st127 0.0 0.0 2300.0 925.0 1000.0 0.0
st128 0.0 0.0 2300.0 1200.0 1000.0 0.0
st129 0.0 0.0 2300.0 1475.0 1000.0 0.0
st1210 0.0 0.0 2300.0 1750.0 1000.0 0.0
st1211 0.0 0.0 2300.0 2025.0 1000.0 0.0
st1212 0.0 0.0 2300.0 2300.0 1000.0 0.0
st1213 0.0 0.0 2300.0 2575.0 1000.0 0.0
st1214 0.0 0.0 2300.0 2850.0 1000.0 0.0
st1215 0.0 0.0 2300.0 3125.0 1000.0 0.0
st1216 0.0 0.0 2300.0 3400.0 1000.0 0.0
st1217 0.0 0.0 2300.0 3675.0 1000.0 0.0
st1218 0.0 0.0 2300.0 3950.0 1000.0 0.0
st1219 0.0 0.0 2300.0 4225.0 1000.0 0.0
st1220 0.0 0.0 2300.0 4500.0 1000.0 0.0
st1221 0.0 0.0 2300.0 4775.0 1000.0 0.0
st1222 0.0 0.0 2300.0 5050.0 1000.0 0.0
st1223 0.0 0.0 2300.0 5325.0 1000.0 0.0
st1224 0.0 0.0 2300.0 5600.0 1000.0 0.0
st1225 0.0 0.0 2300.0 5875.0 1000.0 0.0
st1226 0.0 0.0 2300.0 6150.0 1000.0 0.0
st1227 0.0 0.0 2300.0 6425.0 1000.0 0.0
st1228 0.0 0.0 2300.0 6700.0 1000.0 0.0
st1229 0.0 0.0 2300.0 6975.0 1000.0 0.0
st1230 0.0 0.0 2300.0 7250.0 1000.0 0.0
st1231 0.0 0.0 2300.0 7525.0 1000.0 0.0
st1232 0.0 0.0 2300.0 7800.0 1000.0 0.0
st1233 0.0 0.0 2300.0 8075.0 1000.0 0.0
st1234 0.0 0.0 2300.0 8350.0 1000.0 0.0
st1235 0.0 0.0 2300.0 8625.0 1000.0 0.0
st1236 0.0 0.0 2300.0 8900.0 1000.0 0.0
st1237 0.0 0.0 2300.0 9175.0 1000.0 0.0
st1238 0.0 0.0 2300.0 9450.0 1000.0 0.0
st1239 0.0 0.0 2300.0 9725.0 1000.0 0.0
st131 0.0 0.0 2575.0 -725.0 1000.0 0.0
st132 0.0 0.0 2575.0 -450.0 1000.0 0.0
st133 0.0 0.0 2575.0 -175.0 1000.0 0.0
st134 0.0 0.0 2575.0 100.0 1000.0 0.0
st135 0.0 0.0 2575.0 375.0 1000.0 0.0
st136 0.0 0.0 2575.0 650.0 1000.0 0.0
st137 0.0 0.0 2575.0 925.0 1000.0 0.0
st138 0.0 0.0 2575.0 1200.0 1000.0 0.0
st139 0.0 0.0 2575.0 1475.0 1000.0 0.0
st1310 0.0 0.0 2575.0 1750.0 1000.0 0.0
st1311 0.0 0.0 2575.0 2025.0 1000.0 0.0
st1312 0.0 0.0 2575.0 2300.0 1000.0 0.0
st1313 0.0 0.0 2575.0 2575.0 1000.0 0.0
st1314 0.0 0.0 2575.0 2850.0 1000.0 0.0
st1315 0.0 0.0 2575.0 3125.0 1000.0 0.0
st1316 0.0 0.0 2575.0 3400.0 1000.0 0.0
st1317 0.0 0.0 2575.0 3675.0 1000.0 0.0
st1318 0.0 0.0 2575.0 3950.0 1000.0 0.0
st1319 0.0 0.0 2575.0 4225.0 1000.0 0.0
st1320 0.0 0.0 2575.0 4500.0 1000.0 0.0
st1321 0.0 0.0 2575.0 4775.0 1000.0 0.0
st1322 0.0 0.0 2575.0 5050.0 1000.0 0.0
st1323 0.0 0.0 2575.0 5325.0 1000.0 0.0
st1324 0.0 0.0 2575.0 5600.0 1000.0 0.0
st1325 0.0 0.0 2575.0 5875.0 1000.0 0.0
st1326 0.0 0.0 2575.0 6150.0 1000.0 0.0
st1327 0.0 0.0 2575.0 6425.0 1000.0 0.0
st1328 0.0 0.0 2575.0 6700.0 1000.0 0.0
st1329 0.0 0.0 2575.0 6975.0 1000.0 0.0
st1330 0.0 0.0 2575.0 7250.0 1000.0 0.0
st1331 0.0 0.0 2575.0 7525.0 1000.0 0.0
st1332 0.0 0.0 2575.0 7800.0 1000.0 0.0
st1333 0.0 0.0 2575.0 8075.0 1000.0 0.0
st1334 0.0 0.0 2575.0 8350.0 1000.0 0.0
st1335 0.0 0.0 2575.0 8625.0 1000.0 0.0
st1336 0.0 0.0 2575.0 8900.0 1000.0 0.0
st1337 0.0 0.0 2575.0 9175.0 1000.0 0.0
st1338 0.0 0.0 2575.0 9450.0 1000.0 0.0
st1339 0.0 0.0 2575.0 9725.0 1000.0 0.0
st141 0.0 0.0 2850.0 -725.0 1000.0 0.0
st142 0.0 0.0 2850.0 -450.0 1000.0 0.0
st143 0.0 0.0 2850.0 -175.0 1000.0 0.0
st144 0.0 0.0 2850.0 100.0 1000.0 0.0
st145 0.0 0.0 2850.0 375.0 1000.0 0.0
st146 0.0 0.0 2850.0 650.0 1000.0 0.0
st147 0.0 0.0 2850.0 925.0 1000.0 0.0
st148 0.0 0.0 2850.0 1200.0 1000.0 0.0
st149 0.0 0.0 2850.0 1475.0 1000.0 0.0
st1410 0.0 0.0 2850.0 1750.0 1000.0 0.0
st1411 0.0 0.0 2850.0 2025.0 1000.0 0.0
st1412 0.0 0.0 2850.0 2300.0 1000.0 0.0
st1413 0.0 0.0 2850.0 2575.0 1000.0 0.0
st1414 0.0 0.0 2850.0 2850.0 1000.0 0.0
st1415 0.0 0.0 2850.0 3125.0 1000.0 0.0
st1416 0.0 0.0 2850.0 3400.0 1000.0 0.0
st1417 0.0 0.0 2850.0 3675.0 1000.0 0.0
st1418 0.0 0.0 2850.0 3950.0 1000.0 0.0
st1419 0.0 0.0 2850.0 4225.0 1000.0 0.0
st1420 0.0 0.0 2850.0 4500.0 1000.0 0.0
st1421 0.0 0.0 2850.0 4775.0 1000.0 0.0
st1422 0.0 0.0 2850.0 5050.0 1000.0 0.0
st1423 0.0 0.0 2850.0 5325.0 1000.0 0.0
st1424 0.0 0.0 2850.0 5600.0 1000.0 0.0
st1425 0.0 0.0 2850.0 5875.0 1000.0 0.0
st1426 0.0 0.0 2850.0 6150.0 1000.0 0.0
st1427 0.0 0.0 2850.0 6425.0 1000.0 0.0
st1428 0.0 0.0 2850.0 6700.0 1000.0 0.0
st1429 0.0 0.0 2850.0 6975.0 1000.0 0.0
st1430 0.0 0.0 2850.0 7250.0 1000.0 0.0
st1431 0.0 0.0 2850.0 7525.0 1000.0 0.0
st1432 0.0 0.0 2850.0 7800.0 1000.0 0.0
st1433 0.0 0.0 2850.0 8075.0 1000.0 0.0
st1434 0.0 0.0 2850.0 8350.0 1000.0 0.0
st1435 0.0 0.0 2850.0 8625.0 1000.0 0.0
st1436 0.0 0.0 2850.0 8900.0 1000.0 0.0
st1437 0.0 0.0 2850.0 9175.0 1000.0 0.0
st1438 0.0 0.0 2850.0 9450.0 1000.0 0.0
st1439 0.0 0.0 2850.0 9725.0 1000.0 0.0
st151 0.0 0.0 3125.0 -725.0 1000.0 0.0
st152 0.0 0.0 3125.0 -450.0 1000.0 0.0
st153 0.0 0.0 3125.0 -175.0 1000.0 0.0
st154 0.0 0.0 3125.0 100.0 1000.0 0.0
st155 0.0 0.0 3125.0 375.0 1000.0 0.0
st156 0.0 0.0 3125.0 650.0 1000.0 0.0
st157 0.0 0.0 3125.0 925.0 1000.0 0.0
st158 0.0 0.0 3125.0 1200.0 1000.0 0.0
st159 0.0 0.0 3125.0 1475.0 1000.0 0.0
st1510 0.0 0.0 3125.0 1750.0 1000.0 0.0
st1511 0.0 0.0 3125.0 2025.0 1000.0 0.0
st1512 0.0 0.0 3125.0 2300.0 1000.0 0.0
st1513 0.0 0.0 3125.0 2575.0 1000.0 0.0
st1514 0.0 0.0 3125.0 2850.0 1000.0 0.0
st1515 0.0 0.0 3125.0 3125.0 1000.0 0.0
st1516 0.0 0.0 3125.0 3400.0 1000.0 0.0
st1517 0.0 0.0 3125.0 3675.0 1000.0 0.0
st1518 0.0 0.0 3125.0 3950.0 1000.0 0.0
st1519 0.0 0.0 3125.0 4225.0 1000.0 0.0
st1520 0.0 0.0 3125.0 4500.0 1000.0 0.0
st1521 0.0 0.0 3125.0 4775.0 1000.0 0.0
st1522 0.0 0.0 3125.0 5050.0 1000.0 0.0
st1523 0.0 0.0 3125.0 5325.0 1000.0 0.0
st1524 0.0 0.0 3125.0 5600.0 1000.0 0.0
st1525 0.0 0.0 3125.0 5875.0 1000.0 0.0
st1526 0.0 0.0 3125.0 6150.0 1000.0 0.0
st1527 0.0 0.0 3125.0 6425.0 1000.0 0.0
st1528 0.0 0.0 3125.0 6700.0 1000.0 0.0
st1529 0.0 0.0 3125.0 6975.0 1000.0 0.0
st1530 0.0 0.0 3125.0 7250.0 1000.0 0.0
st1531 0.0 0.0 3125.0 7525.0 1000.0 0.0
st1532 0.0 0.0 3125.0 7800.0 1000.0 0.0
st1533 0.0 0.0 3125.0 8075.0 1000.0 0.0
st1534 0.0 0.0 3125.0 8350.0 1000.0 0.0
st1535 0.0 0.0 3125.0 8625.0 1000.0 0.0
st1536 0.0 0.0 3125.0 8900.0 1000.0 0.0
st1537 0.0 0.0 3125.0 9175.0 1000.0 0.0
st1538 0.0 0.0 3125.0 9450.0 1000.0 0.0
st1539 0.0 0.0 3125.0 9725.0 1000.0 0.0
st161 0.0 0.0 3400.0 -725.0 1000.0 0.0
st162 0.0 0.0 3400.0 -450.0 1000.0 0.0
st163 0.0 0.0 3400.0 -175.0 1000.0 0.0
st164 0.0 0.0 3400.0 100.0 1000.0 0.0
st165 0.0 0.0 3400.0 375.0 1000.0 0.0
st166 0.0 0.0 3400.0 650.0 1000.0 0.0
st167 0.0 0.0 3400.0 925.0 1000.0 0.0
st168 0.0 0.0 3400.0 1200.0 1000.0 0.0
st169 0.0 0.0 3400.0 1475.0 1000.0 0.0
st1610 0.0 0.0 3400.0 1750.0 1000.0 0.0
st1611 0.0 0.0 3400.0 2025.0 1000.0 0.0
st1612 0.0 0.0 3400.0 2300.0 1000.0 0.0
st1613 0.0 0.0 3400.0 2575.0 1000.0 0.0
st1614 0.0 0.0 3400.0 2850.0 1000.0 0.0
st1615 0.0 0.0 3400.0 3125.0 1000.0 0.0
st1616 0.0 0.0 3400.0 3400.0 1000.0 0.0
st1617 0.0 0.0 3400.0 3675.0 1000.0 0.0
st1618 0.0 0.0 3400.0 3950.0 1000.0 0.0
st1619 0.0 0.0 3400.0 4225.0 1000.0 0.0
st1620 0.0 0.0 3400.0 4500.0 1000.0 0.0
st1621 0.0 0.0 3400.0 4775.0 1000.0 0.0
st1622 0.0 0.0 3400.0 5050.0 1000.0 0.0
st1623 0.0 0.0 3400.0 5325.0 1000.0 0.0
st1624 0.0 0.0 3400.0 5600.0 1000.0 0.0
st1625 0.0 0.0 3400.0 5875.0 1000.0 0.0
st1626 0.0 0.0 3400.0 6150.0 1000.0 0.0
st1627 0.0 0.0 3400.0 6425.0 1000.0 0.0
st1628 0.0 0.0 3400.0 6700.0 1000.0 0.0
st1629 0.0 0.0 3400.0 6975.0 1000.0 0.0
st1630 0.0 0.0 3400.0 7250.0 1000.0 0.0
st1631 0.0 0.0 3400.0 7525.0 1000.0 0.0
st1632 0.0 0.0 3400.0 7800.0 1000.0 0.0
st1633 0.0 0.0 3400.0 8075.0 1000.0 0.0
st1634 0.0 0.0 3400.0 8350.0 1000.0 0.0
st1635 0.0 0.0 3400.0 8625.0 1000.0 0.0
st1636 0.0 0.0 3400.0 8900.0 1000.0 0.0
st1637 0.0 0.0 3400.0 9175.0 1000.0 0.0
st1638 0.0 0.0 3400.0 9450.0 1000.0 0.0
st1639 0.0 0.0 3400.0 9725.0 1000.0 0.0
st171 0.0 0.0 3675.0 -725.0 1000.0 0.0
st172 0.0 0.0 3675.0 -450.0 1000.0 0.0
st173 0.0 0.0 3675.0 -175.0 1000.0 0.0
st174 0.0 0.0 3675.0 100.0 1000.0 0.0
st175 0.0 0.0 3675.0 375.0 1000.0 0.0
st176 0.0 0.0 3675.0 650.0 1000.0 0.0
st177 0.0 0.0 3675.0 925.0 1000.0 0.0
st178 0.0 0.0 3675.0 1200.0 1000.0 0.0
st179 0.0 0.0 3675.0 1475.0 1000.0 0.0
st1710 0.0 0.0 3675.0 1750.0 1000.0 0.0
st1711 0.0 0.0 3675.0 2025.0 1000.0 0.0
st1712 0.0 0.0 3675.0 2300.0 1000.0 0.0
st1713 0.0 0.0 3675.0 2575.0 1000.0 0.0
st1714 0.0 0.0 3675.0 2850.0 1000.0 0.0
st1715 0.0 0.0 3675.0 3125.0 1000.0 0.0
st1716 0.0 0.0 3675.0 3400.0 1000.0 0.0
st1717 0.0 0.0 3675.0 3675.0 1000.0 0.0
st1718 0.0 0.0 3675.0 3950.0 1000.0 0.0
st1719 0.0 0.0 3675.0 4225.0 1000.0 0.0
st1720 0.0 0.0 3675.0 4500.0 1000.0 0.0
st1721 0.0 0.0 3675.0 4775.0 1000.0 0.0
st1722 0.0 0.0 3675.0 5050.0 1000.0 0.0
st1723 0.0 0.0 3675.0 5325.0 1000.0 0.0
st1724 0.0 0.0 3675.0 5600.0 1000.0 0.0
st1725 0.0 0.0 3675.0 5875.0 1000.0 0.0
st1726 0.0 0.0 3675.0 6150.0 1000.0 0.0
st1727 0.0 0.0 3675.0 6425.0 1000.0 0.0
st1728 0.0 0.0 3675.0 6700.0 1000.0 0.0
st1729 0.0 0.0 3675.0 6975.0 1000.0 0.0
st1730 0.0 0.0 3675.0 7250.0 1000.0 0.0
st1731 0.0 0.0 3675.0 7525.0 1000.0 0.0
st1732 0.0 0.0 3675.0 7800.0 1000.0 0.0
st1733 0.0 0.0 3675.0 8075.0 1000.0 0.0
st1734 0.0 0.0 3675.0 8350.0 1000.0 0.0
st1735 0.0 0.0 3675.0 8625.0 1000.0 0.0
st1736 0.0 0.0 3675.0 8900.0 1000.0 0.0
st1737 0.0 0.0 3675.0 9175.0 1000.0 0.0
st1738 0.0 0.0 3675.0 9450.0 1000.0 0.0
st1739 0.0 0.0 3675.0 9725.0 1000.0 0.0
st181 0.0 0.0 3950.0 -725.0 1000.0 0.0
st182 0.0 0.0 3950.0 -450.0 1000.0 0.0
st183 0.0 0.0 3950.0 -175.0 1000.0 0.0
st184 0.0 0.0 3950.0 100.0 1000.0 0.0
st185 0.0 0.0 3950.0 375.0 1000.0 0.0
st186 0.0 0.0 3950.0 650.0 1000.0 0.0
st187 0.0 0.0 3950.0 925.0 1000.0 0.0
st188 0.0 0.0 3950.0 1200.0 1000.0 0.0
st189 0.0 0.0 3950.0 1475.0 1000.0 0.0
st1810 0.0 0.0 3950.0 1750.0 1000.0 0.0
st1811 0.0 0.0 3950.0 2025.0 1000.0 0.0
st1812 0.0 0.0 3950.0 2300.0 1000.0 0.0
st1813 0.0 0.0 3950.0 2575.0 1000.0 0.0
st1814 0.0 0.0 3950.0 2850.0 1000.0 0.0
st1815 0.0 0.0 3950.0 3125.0 1000.0 0.0
st1816 0.0 0.0 3950.0 3400.0 1000.0 0.0
st1817 0.0 0.0 3950.0 3675.0 1000.0 0.0
st1818 0.0 0.0 3950.0 3950.0 1000.0 0.0
st1819 0.0 0.0 3950.0 4225.0 1000.0 0.0
st1820 0.0 0.0 3950.0 4500.0 1000.0 0.0
st1821 0.0 0.0 3950.0 4775.0 1000.0 0.0
st1822 0.0 0.0 3950.0 5050.0 1000.0 0.0
st1823 0.0 0.0 3950.0 5325.0 1000.0 0.0
st1824 0.0 0.0 3950.0 5600.0 1000.0 0.0
st1825 0.0 0.0 3950.0 5875.0 1000.0 0.0
st1826 0.0 0.0 3950.0 6150.0 1000.0 0.0
st1827 0.0 0.0 3950.0 6425.0 1000.0 0.0
st1828 0.0 0.0 3950.0 6700.0 1000.0 0.0
st1829 0.0 0.0 3950.0 6975.0 1000.0 0.0
st1830 0.0 0.0 3950.0 7250.0 1000.0 0.0
st1831 0.0 0.0 3950.0 7525.0 1000.0 0.0
st1832 0.0 0.0 3950.0 7800.0 1000.0 0.0
st1833 0.0 0.0 3950.0 8075.0 1000.0 0.0
st1834 0.0 0.0 3950.0 8350.0 1000.0 0.0
st1835 0.0 0.0 3950.0 8625.0 1000.0 0.0
st1836 0.0 0.0 3950.0 8900.0 1000.0 0.0
st1837 0.0 0.0 3950.0 9175.0 1000.0 0.0
st1838 0.0 0.0 3950.0 9450.0 1000.0 0.0
st1839 0.0 0.0 3950.0 9725.0 1000.0 0.0
st191 0.0 0.0 4225.0 -725.0 1000.0 0.0
st192 0.0 0.0 4225.0 -450.0 1000.0 0.0
st193 0.0 0.0 4225.0 -175.0 1000.0 0.0
st194 0.0 0.0 4225.0 100.0 1000.0 0.0
st195 0.0 0.0 4225.0 375.0 1000.0 0.0
st196 0.0 0.0 4225.0 650.0 1000.0 0.0
st197 0.0 0.0 4225.0 925.0 1000.0 0.0
st198 0.0 0.0 4225.0 1200.0 1000.0 0.0
st199 0.0 0.0 4225.0 1475.0 1000.0 0.0
st1910 0.0 0.0 4225.0 1750.0 1000.0 0.0
st1911 0.0 0.0 4225.0 2025.0 1000.0 0.0
st1912 0.0 0.0 4225.0 2300.0 1000.0 0.0
st1913 0.0 0.0 4225.0 2575.0 1000.0 0.0
st1914 0.0 0.0 4225.0 2850.0 1000.0 0.0
st1915 0.0 0.0 4225.0 3125.0 1000.0 0.0
st1916 0.0 0.0 4225.0 3400.0 1000.0 0.0
st1917 0.0 0.0 4225.0 3675.0 1000.0 0.0
st1918 0.0 0.0 4225.0 3950.0 1000.0 0.0
st1919 0.0 0.0 4225.0 4225.0 1000.0 0.0
st1920 0.0 0.0 4225.0 4500.0 1000.0 0.0
st1921 0.0 0.0 4225.0 4775.0 1000.0 0.0
st1922 0.0 0.0 4225.0 5050.0 1000.0 0.0
st1923 0.0 0.0 4225.0 5325.0 1000.0 0.0
st1924 0.0 0.0 4225.0 5600.0 1000.0 0.0
st1925 0.0 0.0 4225.0 5875.0 1000.0 0.0
st1926 0.0 0.0 4225.0 6150.0 1000.0 0.0
st1927 0.0 0.0 4225.0 6425.0 1000.0 0.0
st1928 0.0 0.0 4225.0 6700.0 1000.0 0.0
st1929 0.0 0.0 4225.0 6975.0 1000.0 0.0
st1930 0.0 0.0 4225.0 7250.0 1000.0 0.0
st1931 0.0 0.0 4225.0 7525.0 1000.0 0.0
st1932 0.0 0.0 4225.0 7800.0 1000.0 0.0
st1933 0.0 0.0 4225.0 8075.0 1000.0 0.0
st1934 0.0 0.0 4225.0 8350.0 1000.0 0.0
st1935 0.0 0.0 4225.0 8625.0 1000.0 0.0
st1936 0.0 0.0 4225.0 8900.0 1000.0 0.0
st1937 0.0 0.0 4225.0 9175.0 1000.0 0.0
st1938 0.0 0.0 4225.0 9450.0 1000.0 0.0
st1939 0.0 0.0 4225.0 9725.0 1000.0 0.0
st201 0.0 0.0 4500.0 -725.0 1000.0 0.0
st202 0.0 0.0 4500.0 -450.0 1000.0 0.0
st203 0.0 0.0 4500.0 -175.0 1000.0 0.0
st204 0.0 0.0 4500.0 100.0 1000.0 0.0
st205 0.0 0.0 4500.0 375.0 1000.0 0.0
st206 0.0 0.0 4500.0 650.0 1000.0 0.0
st207 0.0 0.0 4500.0 925.0 1000.0 0.0
st208 0.0 0.0 4500.0 1200.0 1000.0 0.0
st209 0.0 0.0 4500.0 1475.0 1000.0 0.0
st2010 0.0 0.0 4500.0 1750.0 1000.0 0.0
st2011 0.0 0.0 4500.0 2025.0 1000.0 0.0
st2012 0.0 0.0 4500.0 2300.0 1000.0 0.0
st2013 0.0 0.0 4500.0 2575.0 1000.0 0.0
st2014 0.0 0.0 4500.0 2850.0 1000.0 0.0
st2015 0.0 0.0 4500.0 3125.0 1000.0 0.0
st2016 0.0 0.0 4500.0 3400.0 1000.0 0.0
st2017 0.0 0.0 4500.0 3675.0 1000.0 0.0
st2018 0.0 0.0 4500.0 3950.0 1000.0 0.0
st2019 0.0 0.0 4500.0 4225.0 1000.0 0.0
st2020 0.0 0.0 4500.0 4500.0 1000.0 0.0
st2021 0.0 0.0 4500.0 4775.0 1000.0 0.0
st2022 0.0 0.0 4500.0 5050.0 1000.0 0.0
st2023 0.0 0.0 4500.0 5325.0 1000.0 0.0
st2024 0.0 0.0 4500.0 5600.0 1000.0 0.0
st2025 0.0 0.0 4500.0 5875.0 1000.0 0.0
st2026 0.0 0.0 4500.0 6150.0 1000.0 0.0
st2027 0.0 0.0 4500.0 6425.0 1000.0 0.0
st2028 0.0 0.0 4500.0 6700.0 1000.0 0.0
st2029 0.0 0.0 4500.0 6975.0 1000.0 0.0
st2030 0.0 0.0 4500.0 7250.0 1000.0 0.0
st2031 0.0 0.0 4500.0 7525.0 1000.0 0.0
st2032 0.0 0.0 4500.0 7800.0 1000.0 0.0
st2033 0.0 0.0 4500.0 8075.0 1000.0 0.0
st2034 0.0 0.0 4500.0 8350.0 1000.0 0.0
st2035 0.0 0.0 4500.0 8625.0 1000.0 0.0
st2036 0.0 0.0 4500.0 8900.0 1000.0 0.0
st2037 0.0 0.0 4500.0 9175.0 1000.0 0.0
st2038 0.0 0.0 4500.0 9450.0 1000.0 0.0
st2039 0.0 0.0 4500.0 9725.0 1000.0 0.0
st211 0.0 0.0 4775.0 -725.0 1000.0 0.0
st212 0.0 0.0 4775.0 -450.0 1000.0 0.0
st213 0.0 0.0 4775.0 -175.0 1000.0 0.0
st214 0.0 0.0 4775.0 100.0 1000.0 0.0
st215 0.0 0.0 4775.0 375.0 1000.0 0.0
st216 0.0 0.0 4775.0 650.0 1000.0 0.0
st217 0.0 0.0 4775.0 925.0 1000.0 0.0
st218 0.0 0.0 4775.0 1200.0 1000.0 0.0
st219 0.0 0.0 4775.0 1475.0 1000.0 0.0
st2110 0.0 0.0 4775.0 1750.0 1000.0 0.0
st2111 0.0 0.0 4775.0 2025.0 1000.0 0.0
st2112 0.0 0.0 4775.0 2300.0 1000.0 0.0
st2113 0.0 0.0 4775.0 2575.0 1000.0 0.0
st2114 0.0 0.0 4775.0 2850.0 1000.0 0.0
st2115 0.0 0.0 4775.0 3125.0 1000.0 0.0
st2116 0.0 0.0 4775.0 3400.0 1000.0 0.0
st2117 0.0 0.0 4775.0 3675.0 1000.0 0.0
st2118 0.0 0.0 4775.0 3950.0 1000.0 0.0
st2119 0.0 0.0 4775.0 4225.0 1000.0 0.0
st2120 0.0 0.0 4775.0 4500.0 1000.0 0.0
st2121 0.0 0.0 4775.0 4775.0 1000.0 0.0
st2122 0.0 0.0 4775.0 5050.0 1000.0 0.0
st2123 0.0 0.0 4775.0 5325.0 1000.0 0.0
st2124 0.0 0.0 4775.0 5600.0 1000.0 0.0
st2125 0.0 0.0 4775.0 5875.0 1000.0 0.0
st2126 0.0 0.0 4775.0 6150.0 1000.0 0.0
st2127 0.0 0.0 4775.0 6425.0 1000.0 0.0
st2128 0.0 0.0 4775.0 6700.0 1000.0 0.0
st2129 0.0 0.0 4775.0 6975.0 1000.0 0.0
st2130 0.0 0.0 4775.0 7250.0 1000.0 0.0
st2131 0.0 0.0 4775.0 7525.0 1000.0 0.0
st2132 0.0 0.0 4775.0 7800.0 1000.0 0.0
st2133 0.0 0.0 4775.0 8075.0 1000.0 0.0
st2134 0.0 0.0 4775.0 8350.0 1000.0 0.0
st2135 0.0 0.0 4775.0 8625.0 1000.0 0.0
st2136 0.0 0.0 4775.0 8900.0 1000.0 0.0
st2137 0.0 0.0 4775.0 9175.0 1000.0 0.0
st2138 0.0 0.0 4775.0 9450.0 1000.0 0.0
st2139 0.0 0.0 4775.0 9725.0 1000.0 0.0
st221 0.0 0.0 5050.0 -725.0 1000.0 0.0
st222 0.0 0.0 5050.0 -450.0 1000.0 0.0
st223 0.0 0.0 5050.0 -175.0 1000.0 0.0
st224 0.0 0.0 5050.0 100.0 1000.0 0.0
st225 0.0 0.0 5050.0 375.0 1000.0 0.0
st226 0.0 0.0 5050.0 650.0 1000.0 0.0
st227 0.0 0.0 5050.0 925.0 1000.0 0.0
st228 0.0 0.0 5050.0 1200.0 1000.0 0.0
st229 0.0 0.0 5050.0 1475.0 1000.0 0.0
st2210 0.0 0.0 5050.0 1750.0 1000.0 0.0
st2211 0.0 0.0 5050.0 2025.0 1000.0 0.0
st2212 0.0 0.0 5050.0 2300.0 1000.0 0.0
st2213 0.0 0.0 5050.0 2575.0 1000.0 0.0
st2214 0.0 0.0 5050.0 2850.0 1000.0 0.0
st2215 0.0 0.0 5050.0 3125.0 1000.0 0.0
st2216 0.0 0.0 5050.0 3400.0 1000.0 0.0
st2217 0.0 0.0 5050.0 3675.0 1000.0 0.0
st2218 0.0 0.0 5050.0 3950.0 1000.0 0.0
st2219 0.0 0.0 5050.0 4225.0 1000.0 0.0
st2220 0.0 0.0 5050.0 4500.0 1000.0 0.0
st2221 0.0 0.0 5050.0 4775.0 1000.0 0.0
st2222 0.0 0.0 5050.0 5050.0 1000.0 0.0
st2223 0.0 0.0 5050.0 5325.0 1000.0 0.0
st2224 0.0 0.0 5050.0 5600.0 1000.0 0.0
st2225 0.0 0.0 5050.0 5875.0 1000.0 0.0
st2226 0.0 0.0 5050.0 6150.0 1000.0 0.0
st2227 0.0 0.0 5050.0 6425.0 1000.0 0.0
st2228 0.0 0.0 5050.0 6700.0 1000.0 0.0
st2229 0.0 0.0 5050.0 6975.0 1000.0 0.0
st2230 0.0 0.0 5050.0 7250.0 1000.0 0.0
st2231 0.0 0.0 5050.0 7525.0 1000.0 0.0
st2232 0.0 0.0 5050.0 7800.0 1000.0 0.0
st2233 0.0 0.0 5050.0 8075.0 1000.0 0.0
st2234 0.0 0.0 5050.0 8350.0 1000.0 0.0
st2235 0.0 0.0 5050.0 8625.0 1000.0 0.0
st2236 0.0 0.0 5050.0 8900.0 1000.0 0.0
st2237 0.0 0.0 5050.0 9175.0 1000.0 0.0
st2238 0.0 0.0 5050.0 9450.0 1000.0 0.0
st2239 0.0 0.0 5050.0 9725.0 1000.0 0.0
st231 0.0 0.0 5325.0 -725.0 1000.0 0.0
st232 0.0 0.0 5325.0 -450.0 1000.0 0.0
st233 0.0 0.0 5325.0 -175.0 1000.0 0.0
st234 0.0 0.0 5325.0 100.0 1000.0 0.0
st235 0.0 0.0 5325.0 375.0 1000.0 0.0
st236 0.0 0.0 5325.0 650.0 1000.0 0.0
st237 0.0 0.0 5325.0 925.0 1000.0 0.0
st238 0.0 0.0 5325.0 1200.0 1000.0 0.0
st239 0.0 0.0 5325.0 1475.0 1000.0 0.0
st2310 0.0 0.0 5325.0 1750.0 1000.0 0.0
st2311 0.0 0.0 5325.0 2025.0 1000.0 0.0
st2312 0.0 0.0 5325.0 2300.0 1000.0 0.0
st2313 0.0 0.0 5325.0 2575.0 1000.0 0.0
st2314 0.0 0.0 5325.0 2850.0 1000.0 0.0
st2315 0.0 0.0 5325.0 3125.0 1000.0 0.0
st2316 0.0 0.0 5325.0 3400.0 1000.0 0.0
st2317 0.0 0.0 5325.0 3675.0 1000.0 0.0
st2318 0.0 0.0 5325.0 3950.0 1000.0 0.0
st2319 0.0 0.0 5325.0 4225.0 1000.0 0.0
st2320 0.0 0.0 5325.0 4500.0 1000.0 0.0
st2321 0.0 0.0 5325.0 4775.0 1000.0 0.0
st2322 0.0 0.0 5325.0 5050.0 1000.0 0.0
st2323 0.0 0.0 5325.0 5325.0 1000.0 0.0
st2324 0.0 0.0 5325.0 5600.0 1000.0 0.0
st2325 0.0 0.0 5325.0 5875.0 1000.0 0.0
st2326 0.0 0.0 5325.0 6150.0 1000.0 0.0
st2327 0.0 0.0 5325.0 6425.0 1000.0 0.0
st2328 0.0 0.0 5325.0 6700.0 1000.0 0.0
st2329 0.0 0.0 5325.0 6975.0 1000.0 0.0
st2330 0.0 0.0 5325.0 7250.0 1000.0 0.0
st2331 0.0 0.0 5325.0 7525.0 1000.0 0.0
st2332 0.0 0.0 5325.0 7800.0 1000.0 0.0
st2333 0.0 0.0 5325.0 8075.0 1000.0 0.0
st2334 0.0 0.0 5325.0 8350.0 1000.0 0.0
st2335 0.0 0.0 5325.0 8625.0 1000.0 0.0
st2336 0.0 0.0 5325.0 8900.0 1000.0 0.0
st2337 0.0 0.0 5325.0 9175.0 1000.0 0.0
st2338 0.0 0.0 5325.0 9450.0 1000.0 0.0
st2339 0.0 0.0 5325.0 9725.0 1000.0 0.0
st241 0.0 0.0 5600.0 -725.0 1000.0 0.0
st242 0.0 0.0 5600.0 -450.0 1000.0 0.0
st243 0.0 0.0 5600.0 -175.0 1000.0 0.0
st244 0.0 0.0 5600.0 100.0 1000.0 0.0
st245 0.0 0.0 5600.0 375.0 1000.0 0.0
st246 0.0 0.0 5600.0 650.0 1000.0 0.0
st247 0.0 0.0 5600.0 925.0 1000.0 0.0
st248 0.0 0.0 5600.0 1200.0 1000.0 0.0
st249 0.0 0.0 5600.0 1475.0 1000.0 0.0
st2410 0.0 0.0 5600.0 1750.0 1000.0 0.0
st2411 0.0 0.0 5600.0 2025.0 1000.0 0.0
st2412 0.0 0.0 5600.0 2300.0 1000.0 0.0
st2413 0.0 0.0 5600.0 2575.0 1000.0 0.0
st2414 0.0 0.0 5600.0 2850.0 1000.0 0.0
st2415 0.0 0.0 5600.0 3125.0 1000.0 0.0
st2416 0.0 0.0 5600.0 3400.0 1000.0 0.0
st2417 0.0 0.0 5600.0 3675.0 1000.0 0.0
st2418 0.0 0.0 5600.0 3950.0 1000.0 0.0
st2419 0.0 0.0 5600.0 4225.0 1000.0 0.0
st2420 0.0 0.0 5600.0 4500.0 1000.0 0.0
st2421 0.0 0.0 5600.0 4775.0 1000.0 0.0
st2422 0.0 0.0 5600.0 5050.0 1000.0 0.0
st2423 0.0 0.0 5600.0 5325.0 1000.0 0.0
st2424 0.0 0.0 5600.0 5600.0 1000.0 0.0
st2425 0.0 0.0 5600.0 5875.0 1000.0 0.0
st2426 0.0 0.0 5600.0 6150.0 1000.0 0.0
st2427 0.0 0.0 5600.0 6425.0 1000.0 0.0
st2428 0.0 0.0 5600.0 6700.0 1000.0 0.0
st2429 0.0 0.0 5600.0 6975.0 1000.0 0.0
st2430 0.0 0.0 5600.0 7250.0 1000.0 0.0
st2431 0.0 0.0 5600.0 7525.0 1000.0 0.0
st2432 0.0 0.0 5600.0 7800.0 1000.0 0.0
st2433 0.0 0.0 5600.0 8075.0 1000.0 0.0
st2434 0.0 0.0 5600.0 8350.0 1000.0 0.0
st2435 0.0 0.0 5600.0 8625.0 1000.0 0.0
st2436 0.0 0.0 5600.0 8900.0 1000.0 0.0
st2437 0.0 0.0 5600.0 9175.0 1000.0 0.0
st2438 0.0 0.0 5600.0 9450.0 1000.0 0.0
st2439 0.0 0.0 5600.0 9725.0 1000.0 0.0
st251 0.0 0.0 5875.0 -725.0 1000.0 0.0
st252 0.0 0.0 5875.0 -450.0 1000.0 0.0
st253 0.0 0.0 5875.0 -175.0 1000.0 0.0
st254 0.0 0.0 5875.0 100.0 1000.0 0.0
st255 0.0 0.0 5875.0 375.0 1000.0 0.0
st256 0.0 0.0 5875.0 650.0 1000.0 0.0
st257 0.0 0.0 5875.0 925.0 1000.0 0.0
st258 0.0 0.0 5875.0 1200.0 1000.0 0.0
st259 0.0 0.0 5875.0 1475.0 1000.0 0.0
st2510 0.0 0.0 5875.0 1750.0 1000.0 0.0
st2511 0.0 0.0 5875.0 2025.0 1000.0 0.0
st2512 0.0 0.0 5875.0 2300.0 1000.0 0.0
st2513 0.0 0.0 5875.0 2575.0 1000.0 0.0
st2514 0.0 0.0 5875.0 2850.0 1000.0 0.0
st2515 0.0 0.0 5875.0 3125.0 1000.0 0.0
st2516 0.0 0.0 5875.0 3400.0 1000.0 0.0
st2517 0.0 0.0 5875.0 3675.0 1000.0 0.0
st2518 0.0 0.0 5875.0 3950.0 1000.0 0.0
st2519 0.0 0.0 5875.0 4225.0 1000.0 0.0
st2520 0.0 0.0 5875.0 4500.0 1000.0 0.0
st2521 0.0 0.0 5875.0 4775.0 1000.0 0.0
st2522 0.0 0.0 5875.0 5050.0 1000.0 0.0
st2523 0.0 0.0 5875.0 5325.0 1000.0 0.0
st2524 0.0 0.0 5875.0 5600.0 1000.0 0.0
st2525 0.0 0.0 5875.0 5875.0 1000.0 0.0
st2526 0.0 0.0 5875.0 6150.0 1000.0 0.0
st2527 0.0 0.0 5875.0 6425.0 1000.0 0.0
st2528 0.0 0.0 5875.0 6700.0 1000.0 0.0
st2529 0.0 0.0 5875.0 6975.0 1000.0 0.0
st2530 0.0 0.0 5875.0 7250.0 1000.0 0.0
st2531 0.0 0.0 5875.0 7525.0 1000.0 0.0
st2532 0.0 0.0 5875.0 7800.0 1000.0 0.0
st2533 0.0 0.0 5875.0 8075.0 1000.0 0.0
st2534 0.0 0.0 5875.0 8350.0 1000.0 0.0
st2535 0.0 0.0 5875.0 8625.0 1000.0 0.0
st2536 0.0 0.0 5875.0 8900.0 1000.0 0.0
st2537 0.0 0.0 5875.0 9175.0 1000.0 0.0
st2538 0.0 0.0 5875.0 9450.0 1000.0 0.0
st2539 0.0 0.0 5875.0 9725.0 1000.0 0.0
st261 0.0 0.0 6150.0 -725.0 1000.0 0.0
st262 0.0 0.0 6150.0 -450.0 1000.0 0.0
st263 0.0 0.0 6150.0 -175.0 1000.0 0.0
st264 0.0 0.0 6150.0 100.0 1000.0 0.0
st265 0.0 0.0 6150.0 375.0 1000.0 0.0
st266 0.0 0.0 6150.0 650.0 1000.0 0.0
st267 0.0 0.0 6150.0 925.0 1000.0 0.0
st268 0.0 0.0 6150.0 1200.0 1000.0 0.0
st269 0.0 0.0 6150.0 1475.0 1000.0 0.0
st2610 0.0 0.0 6150.0 1750.0 1000.0 0.0
st2611 0.0 0.0 6150.0 2025.0 1000.0 0.0
st2612 0.0 0.0 6150.0 2300.0 1000.0 0.0
st2613 0.0 0.0 6150.0 2575.0 1000.0 0.0
st2614 0.0 0.0 6150.0 2850.0 1000.0 0.0
st2615 0.0 0.0 6150.0 3125.0 1000.0 0.0
st2616 0.0 0.0 6150.0 3400.0 1000.0 0.0
st2617 0.0 0.0 6150.0 3675.0 1000.0 0.0
st2618 0.0 0.0 6150.0 3950.0 1000.0 0.0
st2619 0.0 0.0 6150.0 4225.0 1000.0 0.0
st2620 0.0 0.0 6150.0 4500.0 1000.0 0.0
st2621 0.0 0.0 6150.0 4775.0 1000.0 0.0
st2622 0.0 0.0 6150.0 5050.0 1000.0 0.0
st2623 0.0 0.0 6150.0 5325.0 1000.0 0.0
st2624 0.0 0.0 6150.0 5600.0 1000.0 0.0
st2625 0.0 0.0 6150.0 5875.0 1000.0 0.0
st2626 0.0 0.0 6150.0 6150.0 1000.0 0.0
st2627 0.0 0.0 6150.0 6425.0 1000.0 0.0
st2628 0.0 0.0 6150.0 6700.0 1000.0 0.0
st2629 0.0 0.0 6150.0 6975.0 1000.0 0.0
st2630 0.0 0.0 6150.0 7250.0 1000.0 0.0
st2631 0.0 0.0 6150.0 7525.0 1000.0 0.0
st2632 0.0 0.0 6150.0 7800.0 1000.0 0.0
st2633 0.0 0.0 6150.0 8075.0 1000.0 0.0
st2634 0.0 0.0 6150.0 8350.0 1000.0 0.0
st2635 0.0 0.0 6150.0 8625.0 1000.0 0.0
st2636 0.0 0.0 6150.0 8900.0 1000.0 0.0
st2637 0.0 0.0 6150.0 9175.0 1000.0 0.0
st2638 0.0 0.0 6150.0 9450.0 1000.0 0.0
st2639 0.0 0.0 6150.0 9725.0 1000.0 0.0
st271 0.0 0.0 6425.0 -725.0 1000.0 0.0
st272 0.0 0.0 6425.0 -450.0 1000.0 0.0
st273 0.0 0.0 6425.0 -175.0 1000.0 0.0
st274 0.0 0.0 6425.0 100.0 1000.0 0.0
st275 0.0 0.0 6425.0 375.0 1000.0 0.0
st276 0.0 0.0 6425.0 650.0 1000.0 0.0
st277 0.0 0.0 6425.0 925.0 1000.0 0.0
st278 0.0 0.0 6425.0 1200.0 1000.0 0.0
st279 0.0 0.0 6425.0 1475.0 1000.0 0.0
st2710 0.0 0.0 6425.0 1750.0 1000.0 0.0
st2711 0.0 0.0 6425.0 2025.0 1000.0 0.0
st2712 0.0 0.0 6425.0 2300.0 1000.0 0.0
st2713 0.0 0.0 6425.0 2575.0 1000.0 0.0
st2714 0.0 0.0 6425.0 2850.0 1000.0 0.0
st2715 0.0 0.0 6425.0 3125.0 1000.0 0.0
st2716 0.0 0.0 6425.0 3400.0 1000.0 0.0
st2717 0.0 0.0 6425.0 3675.0 1000.0 0.0
st2718 0.0 0.0 6425.0 3950.0 1000.0 0.0
st2719 0.0 0.0 6425.0 4225.0 1000.0 0.0
st2720 0.0 0.0 6425.0 4500.0 1000.0 0.0
st2721 0.0 0.0 6425.0 4775.0 1000.0 0.0
st2722 0.0 0.0 6425.0 5050.0 1000.0 0.0
st2723 0.0 0.0 6425.0 5325.0 1000.0 0.0
st2724 0.0 0.0 6425.0 5600.0 1000.0 0.0
st2725 0.0 0.0 6425.0 5875.0 1000.0 0.0
st2726 0.0 0.0 6425.0 6150.0 1000.0 0.0
st2727 0.0 0.0 6425.0 6425.0 1000.0 0.0
st2728 0.0 0.0 6425.0 6700.0 1000.0 0.0
st2729 0.0 0.0 6425.0 6975.0 1000.0 0.0
st2730 0.0 0.0 6425.0 7250.0 1000.0 0.0
st2731 0.0 0.0 6425.0 7525.0 1000.0 0.0
st2732 0.0 0.0 6425.0 7800.0 1000.0 0.0
st2733 0.0 0.0 6425.0 8075.0 1000.0 0.0
st2734 0.0 0.0 6425.0 8350.0 1000.0 0.0
st2735 0.0 0.0 6425.0 8625.0 1000.0 0.0
st2736 0.0 0.0 6425.0 8900.0 1000.0 0.0
st2737 0.0 0.0 6425.0 9175.0 1000.0 0.0
st2738 0.0 0.0 6425.0 9450.0 1000.0 0.0
st2739 0.0 0.0 6425.0 9725.0 1000.0 0.0
st281 0.0 0.0 6700.0 -725.0 1000.0 0.0
st282 0.0 0.0 6700.0 -450.0 1000.0 0.0
st283 0.0 0.0 6700.0 -175.0 1000.0 0.0
st284 0.0 0.0 6700.0 100.0 1000.0 0.0
st285 0.0 0.0 6700.0 375.0 1000.0 0.0
st286 0.0 0.0 6700.0 650.0 1000.0 0.0
st287 0.0 0.0 6700.0 925.0 1000.0 0.0
st288 0.0 0.0 6700.0 1200.0 1000.0 0.0
st289 0.0 0.0 6700.0 1475.0 1000.0 0.0
st2810 0.0 0.0 6700.0 1750.0 1000.0 0.0
st2811 0.0 0.0 6700.0 2025.0 1000.0 0.0
st2812 0.0 0.0 6700.0 2300.0 1000.0 0.0
st2813 0.0 0.0 6700.0 2575.0 1000.0 0.0
st2814 0.0 0.0 6700.0 2850.0 1000.0 0.0
st2815 0.0 0.0 6700.0 3125.0 1000.0 0.0
st2816 0.0 0.0 6700.0 3400.0 1000.0 0.0
st2817 0.0 0.0 6700.0 3675.0 1000.0 0.0
st2818 0.0 0.0 6700.0 3950.0 1000.0 0.0
st2819 0.0 0.0 6700.0 4225.0 1000.0 0.0
st2820 0.0 0.0 6700.0 4500.0 1000.0 0.0
st2821 0.0 0.0 6700.0 4775.0 1000.0 0.0
st2822 0.0 0.0 6700.0 5050.0 1000.0 0.0
st2823 0.0 0.0 6700.0 5325.0 1000.0 0.0
st2824 0.0 0.0 6700.0 5600.0 1000.0 0.0
st2825 0.0 0.0 6700.0 5875.0 1000.0 0.0
st2826 0.0 0.0 6700.0 6150.0 1000.0 0.0
st2827 0.0 0.0 6700.0 6425.0 1000.0 0.0
st2828 0.0 0.0 6700.0 6700.0 1000.0 0.0
st2829 0.0 0.0 6700.0 6975.0 1000.0 0.0
st2830 0.0 0.0 6700.0 7250.0 1000.0 0.0
st2831 0.0 0.0 6700.0 7525.0 1000.0 0.0
st2832 0.0 0.0 6700.0 7800.0 1000.0 0.0
st2833 0.0 0.0 6700.0 8075.0 1000.0 0.0
st2834 0.0 0.0 6700.0 8350.0 1000.0 0.0
st2835 0.0 0.0 6700.0 8625.0 1000.0 0.0
st2836 0.0 0.0 6700.0 8900.0 1000.0 0.0
st2837 0.0 0.0 6700.0 9175.0 1000.0 0.0
st2838 0.0 0.0 6700.0 9450.0 1000.0 0.0
st2839 0.0 0.0 6700.0 9725.0 1000.0 0.0
st291 0.0 0.0 6975.0 -725.0 1000.0 0.0
st292 0.0 0.0 6975.0 -450.0 1000.0 0.0
st293 0.0 0.0 6975.0 -175.0 1000.0 0.0
st294 0.0 0.0 6975.0 100.0 1000.0 0.0
st295 0.0 0.0 6975.0 375.0 1000.0 0.0
st296 0.0 0.0 6975.0 650.0 1000.0 0.0
st297 0.0 0.0 6975.0 925.0 1000.0 0.0
st298 0.0 0.0 6975.0 1200.0 1000.0 0.0
st299 0.0 0.0 6975.0 1475.0 1000.0 0.0
st2910 0.0 0.0 6975.0 1750.0 1000.0 0.0
st2911 0.0 0.0 6975.0 2025.0 1000.0 0.0
st2912 0.0 0.0 6975.0 2300.0 1000.0 0.0
st2913 0.0 0.0 6975.0 2575.0 1000.0 0.0
st2914 0.0 0.0 6975.0 2850.0 1000.0 0.0
st2915 0.0 0.0 6975.0 3125.0 1000.0 0.0
st2916 0.0 0.0 6975.0 3400.0 1000.0 0.0
st2917 0.0 0.0 6975.0 3675.0 1000.0 0.0
st2918 0.0 0.0 6975.0 3950.0 1000.0 0.0
st2919 0.0 0.0 6975.0 4225.0 1000.0 0.0
st2920 0.0 0.0 6975.0 4500.0 1000.0 0.0
st2921 0.0 0.0 6975.0 4775.0 1000.0 0.0
st2922 0.0 0.0 6975.0 5050.0 1000.0 0.0
st2923 0.0 0.0 6975.0 5325.0 1000.0 0.0
st2924 0.0 0.0 6975.0 5600.0 1000.0 0.0
st2925 0.0 0.0 6975.0 5875.0 1000.0 0.0
st2926 0.0 0.0 6975.0 6150.0 1000.0 0.0
st2927 0.0 0.0 6975.0 6425.0 1000.0 0.0
st2928 0.0 0.0 6975.0 6700.0 1000.0 0.0
st2929 0.0 0.0 6975.0 6975.0 1000.0 0.0
st2930 0.0 0.0 6975.0 7250.0 1000.0 0.0
st2931 0.0 0.0 6975.0 7525.0 1000.0 0.0
st2932 0.0 0.0 6975.0 7800.0 1000.0 0.0
st2933 0.0 0.0 6975.0 8075.0 1000.0 0.0
st2934 0.0 0.0 6975.0 8350.0 1000.0 0.0
st2935 0.0 0.0 6975.0 8625.0 1000.0 0.0
st2936 0.0 0.0 6975.0 8900.0 1000.0 0.0
st2937 0.0 0.0 6975.0 9175.0 1000.0 0.0
st2938 0.0 0.0 6975.0 9450.0 1000.0 0.0
st2939 0.0 0.0 6975.0 9725.0 1000.0 0.0
st301 0.0 0.0 7250.0 -725.0 1000.0 0.0
st302 0.0 0.0 7250.0 -450.0 1000.0 0.0
st303 0.0 0.0 7250.0 -175.0 1000.0 0.0
st304 0.0 0.0 7250.0 100.0 1000.0 0.0
st305 0.0 0.0 7250.0 375.0 1000.0 0.0
st306 0.0 0.0 7250.0 650.0 1000.0 0.0
st307 0.0 0.0 7250.0 925.0 1000.0 0.0
st308 0.0 0.0 7250.0 1200.0 1000.0 0.0
st309 0.0 0.0 7250.0 1475.0 1000.0 0.0
st3010 0.0 0.0 7250.0 1750.0 1000.0 0.0
st3011 0.0 0.0 7250.0 2025.0 1000.0 0.0
st3012 0.0 0.0 7250.0 2300.0 1000.0 0.0
st3013 0.0 0.0 7250.0 2575.0 1000.0 0.0
st3014 0.0 0.0 7250.0 2850.0 1000.0 0.0
st3015 0.0 0.0 7250.0 3125.0 1000.0 0.0
st3016 0.0 0.0 7250.0 3400.0 1000.0 0.0
st3017 0.0 0.0 7250.0 3675.0 1000.0 0.0
st3018 0.0 0.0 7250.0 3950.0 1000.0 0.0
st3019 0.0 0.0 7250.0 4225.0 1000.0 0.0
st3020 0.0 0.0 7250.0 4500.0 1000.0 0.0
st3021 0.0 0.0 7250.0 4775.0 1000.0 0.0
st3022 0.0 0.0 7250.0 5050.0 1000.0 0.0
st3023 0.0 0.0 7250.0 5325.0 1000.0 0.0
st3024 0.0 0.0 7250.0 5600.0 1000.0 0.0
st3025 0.0 0.0 7250.0 5875.0 1000.0 0.0
st3026 0.0 0.0 7250.0 6150.0 1000.0 0.0
st3027 0.0 0.0 7250.0 6425.0 1000.0 0.0
st3028 0.0 0.0 7250.0 6700.0 1000.0 0.0
st3029 0.0 0.0 7250.0 6975.0 1000.0 0.0
st3030 0.0 0.0 7250.0 7250.0 1000.0 0.0
st3031 0.0 0.0 7250.0 7525.0 1000.0 0.0
st3032 0.0 0.0 7250.0 7800.0 1000.0 0.0
st3033 0.0 0.0 7250.0 8075.0 1000.0 0.0
st3034 0.0 0.0 7250.0 8350.0 1000.0 0.0
st3035 0.0 0.0 7250.0 8625.0 1000.0 0.0
st3036 0.0 0.0 7250.0 8900.0 1000.0 0.0
st3037 0.0 0.0 7250.0 9175.0 1000.0 0.0
st3038 0.0 0.0 7250.0 9450.0 1000.0 0.0
st3039 0.0 0.0 7250.0 9725.0 1000.0 0.0
st311 0.0 0.0 7525.0 -725.0 1000.0 0.0
st312 0.0 0.0 7525.0 -450.0 1000.0 0.0
st313 0.0 0.0 7525.0 -175.0 1000.0 0.0
st314 0.0 0.0 7525.0 100.0 1000.0 0.0
st315 0.0 0.0 7525.0 375.0 1000.0 0.0
st316 0.0 0.0 7525.0 650.0 1000.0 0.0
st317 0.0 0.0 7525.0 925.0 1000.0 0.0
st318 0.0 0.0 7525.0 1200.0 1000.0 0.0
st319 0.0 0.0 7525.0 1475.0 1000.0 0.0
st3110 0.0 0.0 7525.0 1750.0 1000.0 0.0
st3111 0.0 0.0 7525.0 2025.0 1000.0 0.0
st3112 0.0 0.0 7525.0 2300.0 1000.0 0.0
st3113 0.0 0.0 7525.0 2575.0 1000.0 0.0
st3114 0.0 0.0 7525.0 2850.0 1000.0 0.0
st3115 0.0 0.0 7525.0 3125.0 1000.0 0.0
st3116 0.0 0.0 7525.0 3400.0 1000.0 0.0
st3117 0.0 0.0 7525.0 3675.0 1000.0 0.0
st3118 0.0 0.0 7525.0 3950.0 1000.0 0.0
st3119 0.0 0.0 7525.0 4225.0 1000.0 0.0
st3120 0.0 0.0 7525.0 4500.0 1000.0 0.0
st3121 0.0 0.0 7525.0 4775.0 1000.0 0.0
st3122 0.0 0.0 7525.0 5050.0 1000.0 0.0
st3123 0.0 0.0 7525.0 5325.0 1000.0 0.0
st3124 0.0 0.0 7525.0 5600.0 1000.0 0.0
st3125 0.0 0.0 7525.0 5875.0 1000.0 0.0
st3126 0.0 0.0 7525.0 6150.0 1000.0 0.0
st3127 0.0 0.0 7525.0 6425.0 1000.0 0.0
st3128 0.0 0.0 7525.0 6700.0 1000.0 0.0
st3129 0.0 0.0 7525.0 6975.0 1000.0 0.0
st3130 0.0 0.0 7525.0 7250.0 1000.0 0.0
st3131 0.0 0.0 7525.0 7525.0 1000.0 0.0
st3132 0.0 0.0 7525.0 7800.0 1000.0 0.0
st3133 0.0 0.0 7525.0 8075.0 1000.0 0.0
st3134 0.0 0.0 7525.0 8350.0 1000.0 0.0
st3135 0.0 0.0 7525.0 8625.0 1000.0 0.0
st3136 0.0 0.0 7525.0 8900.0 1000.0 0.0
st3137 0.0 0.0 7525.0 9175.0 1000.0 0.0
st3138 0.0 0.0 7525.0 9450.0 1000.0 0.0
st3139 0.0 0.0 7525.0 9725.0 1000.0 0.0
st321 0.0 0.0 7800.0 -725.0 1000.0 0.0
st322 0.0 0.0 7800.0 -450.0 1000.0 0.0
st323 0.0 0.0 7800.0 -175.0 1000.0 0.0
st324 0.0 0.0 7800.0 100.0 1000.0 0.0
st325 0.0 0.0 7800.0 375.0 1000.0 0.0
st326 0.0 0.0 7800.0 650.0 1000.0 0.0
st327 0.0 0.0 7800.0 925.0 1000.0 0.0
st328 0.0 0.0 7800.0 1200.0 1000.0 0.0
st329 0.0 0.0 7800.0 1475.0 1000.0 0.0
st3210 0.0 0.0 7800.0 1750.0 1000.0 0.0
st3211 0.0 0.0 7800.0 2025.0 1000.0 0.0
st3212 0.0 0.0 7800.0 2300.0 1000.0 0.0
st3213 0.0 0.0 7800.0 2575.0 1000.0 0.0
st3214 0.0 0.0 7800.0 2850.0 1000.0 0.0
st3215 0.0 0.0 7800.0 3125.0 1000.0 0.0
st3216 0.0 0.0 7800.0 3400.0 1000.0 0.0
st3217 0.0 0.0 7800.0 3675.0 1000.0 0.0
st3218 0.0 0.0 7800.0 3950.0 1000.0 0.0
st3219 0.0 0.0 7800.0 4225.0 1000.0 0.0
st3220 0.0 0.0 7800.0 4500.0 1000.0 0.0
st3221 0.0 0.0 7800.0 4775.0 1000.0 0.0
st3222 0.0 0.0 7800.0 5050.0 1000.0 0.0
st3223 0.0 0.0 7800.0 5325.0 1000.0 0.0
st3224 0.0 0.0 7800.0 5600.0 1000.0 0.0
st3225 0.0 0.0 7800.0 5875.0 1000.0 0.0
st3226 0.0 0.0 7800.0 6150.0 1000.0 0.0
st3227 0.0 0.0 7800.0 6425.0 1000.0 0.0
st3228 0.0 0.0 7800.0 6700.0 1000.0 0.0
st3229 0.0 0.0 7800.0 6975.0 1000.0 0.0
st3230 0.0 0.0 7800.0 7250.0 1000.0 0.0
st3231 0.0 0.0 7800.0 7525.0 1000.0 0.0
st3232 0.0 0.0 7800.0 7800.0 1000.0 0.0
st3233 0.0 0.0 7800.0 8075.0 1000.0 0.0
st3234 0.0 0.0 7800.0 8350.0 1000.0 0.0
st3235 0.0 0.0 7800.0 8625.0 1000.0 0.0
st3236 0.0 0.0 7800.0 8900.0 1000.0 0.0
st3237 0.0 0.0 7800.0 9175.0 1000.0 0.0
st3238 0.0 0.0 7800.0 9450.0 1000.0 0.0
st3239 0.0 0.0 7800.0 9725.0 1000.0 0.0
st331 0.0 0.0 8075.0 -725.0 1000.0 0.0
st332 0.0 0.0 8075.0 -450.0 1000.0 0.0
st333 0.0 0.0 8075.0 -175.0 1000.0 0.0
st334 0.0 0.0 8075.0 100.0 1000.0 0.0
st335 0.0 0.0 8075.0 375.0 1000.0 0.0
st336 0.0 0.0 8075.0 650.0 1000.0 0.0
st337 0.0 0.0 8075.0 925.0 1000.0 0.0
st338 0.0 0.0 8075.0 1200.0 1000.0 0.0
st339 0.0 0.0 8075.0 1475.0 1000.0 0.0
st3310 0.0 0.0 8075.0 1750.0 1000.0 0.0
st3311 0.0 0.0 8075.0 2025.0 1000.0 0.0
st3312 0.0 0.0 8075.0 2300.0 1000.0 0.0
st3313 0.0 0.0 8075.0 2575.0 1000.0 0.0
st3314 0.0 0.0 8075.0 2850.0 1000.0 0.0
st3315 0.0 0.0 8075.0 3125.0 1000.0 0.0
st3316 0.0 0.0 8075.0 3400.0 1000.0 0.0
st3317 0.0 0.0 8075.0 3675.0 1000.0 0.0
st3318 0.0 0.0 8075.0 3950.0 1000.0 0.0
st3319 0.0 0.0 8075.0 4225.0 1000.0 0.0
st3320 0.0 0.0 8075.0 4500.0 1000.0 0.0
st3321 0.0 0.0 8075.0 4775.0 1000.0 0.0
st3322 0.0 0.0 8075.0 5050.0 1000.0 0.0
st3323 0.0 0.0 8075.0 5325.0 1000.0 0.0
st3324 0.0 0.0 8075.0 5600.0 1000.0 0.0
st3325 0.0 0.0 8075.0 5875.0 1000.0 0.0
st3326 0.0 0.0 8075.0 6150.0 1000.0 0.0
st3327 0.0 0.0 8075.0 6425.0 1000.0 0.0
st3328 0.0 0.0 8075.0 6700.0 1000.0 0.0
st3329 0.0 0.0 8075.0 6975.0 1000.0 0.0
st3330 0.0 0.0 8075.0 7250.0 1000.0 0.0
st3331 0.0 0.0 8075.0 7525.0 1000.0 0.0
st3332 0.0 0.0 8075.0 7800.0 1000.0 0.0
st3333 0.0 0.0 8075.0 8075.0 1000.0 0.0
st3334 0.0 0.0 8075.0 8350.0 1000.0 0.0
st3335 0.0 0.0 8075.0 8625.0 1000.0 0.0
st3336 0.0 0.0 8075.0 8900.0 1000.0 0.0
st3337 0.0 0.0 8075.0 9175.0 1000.0 0.0
st3338 0.0 0.0 8075.0 9450.0 1000.0 0.0
st3339 0.0 0.0 8075.0 9725.0 1000.0 0.0
st341 0.0 0.0 8350.0 -725.0 1000.0 0.0
st342 0.0 0.0 8350.0 -450.0 1000.0 0.0
st343 0.0 0.0 8350.0 -175.0 1000.0 0.0
st344 0.0 0.0 8350.0 100.0 1000.0 0.0
st345 0.0 0.0 8350.0 375.0 1000.0 0.0
st346 0.0 0.0 8350.0 650.0 1000.0 0.0
st347 0.0 0.0 8350.0 925.0 1000.0 0.0
st348 0.0 0.0 8350.0 1200.0 1000.0 0.0
st349 0.0 0.0 8350.0 1475.0 1000.0 0.0
st3410 0.0 0.0 8350.0 1750.0 1000.0 0.0
st3411 0.0 0.0 8350.0 2025.0 1000.0 0.0
st3412 0.0 0.0 8350.0 2300.0 1000.0 0.0
st3413 0.0 0.0 8350.0 2575.0 1000.0 0.0
st3414 0.0 0.0 8350.0 2850.0 1000.0 0.0
st3415 0.0 0.0 8350.0 3125.0 1000.0 0.0
st3416 0.0 0.0 8350.0 3400.0 1000.0 0.0
st3417 0.0 0.0 8350.0 3675.0 1000.0 0.0
st3418 0.0 0.0 8350.0 3950.0 1000.0 0.0
st3419 0.0 0.0 8350.0 4225.0 1000.0 0.0
st3420 0.0 0.0 8350.0 4500.0 1000.0 0.0
st3421 0.0 0.0 8350.0 4775.0 1000.0 0.0
st3422 0.0 0.0 8350.0 5050.0 1000.0 0.0
st3423 0.0 0.0 8350.0 5325.0 1000.0 0.0
st3424 0.0 0.0 8350.0 5600.0 1000.0 0.0
st3425 0.0 0.0 8350.0 5875.0 1000.0 0.0
st3426 0.0 0.0 8350.0 6150.0 1000.0 0.0
st3427 0.0 0.0 8350.0 6425.0 1000.0 0.0
st3428 0.0 0.0 8350.0 6700.0 1000.0 0.0
st3429 0.0 0.0 8350.0 6975.0 1000.0 0.0
st3430 0.0 0.0 8350.0 7250.0 1000.0 0.0
st3431 0.0 0.0 8350.0 7525.0 1000.0 0.0
st3432 0.0 0.0 8350.0 7800.0 1000.0 0.0
st3433 0.0 0.0 8350.0 8075.0 1000.0 0.0
st3434 0.0 0.0 8350.0 8350.0 1000.0 0.0
st3435 0.0 0.0 8350.0 8625.0 1000.0 0.0
st3436 0.0 0.0 8350.0 8900.0 1000.0 0.0
st3437 0.0 0.0 8350.0 9175.0 1000.0 0.0
st3438 0.0 0.0 8350.0 9450.0 1000.0 0.0
st3439 0.0 0.0 8350.0 9725.0 1000.0 0.0
st351 0.0 0.0 8625.0 -725.0 1000.0 0.0
st352 0.0 0.0 8625.0 -450.0 1000.0 0.0
st353 0.0 0.0 8625.0 -175.0 1000.0 0.0
st354 0.0 0.0 8625.0 100.0 1000.0 0.0
st355 0.0 0.0 8625.0 375.0 1000.0 0.0
st356 0.0 0.0 8625.0 650.0 1000.0 0.0
st357 0.0 0.0 8625.0 925.0 1000.0 0.0
st358 0.0 0.0 8625.0 1200.0 1000.0 0.0
st359 0.0 0.0 8625.0 1475.0 1000.0 0.0
st3510 0.0 0.0 8625.0 1750.0 1000.0 0.0
st3511 0.0 0.0 8625.0 2025.0 1000.0 0.0
st3512 0.0 0.0 8625.0 2300.0 1000.0 0.0
st3513 0.0 0.0 8625.0 2575.0 1000.0 0.0
st3514 0.0 0.0 8625.0 2850.0 1000.0 0.0
st3515 0.0 0.0 8625.0 3125.0 1000.0 0.0
st3516 0.0 0.0 8625.0 3400.0 1000.0 0.0
st3517 0.0 0.0 8625.0 3675.0 1000.0 0.0
st3518 0.0 0.0 8625.0 3950.0 1000.0 0.0
st3519 0.0 0.0 8625.0 4225.0 1000.0 0.0
st3520 0.0 0.0 8625.0 4500.0 1000.0 0.0
st3521 0.0 0.0 8625.0 4775.0 1000.0 0.0
st3522 0.0 0.0 8625.0 5050.0 1000.0 0.0
st3523 0.0 0.0 8625.0 5325.0 1000.0 0.0
st3524 0.0 0.0 8625.0 5600.0 1000.0 0.0
st3525 0.0 0.0 8625.0 5875.0 1000.0 0.0
st3526 0.0 0.0 8625.0 6150.0 1000.0 0.0
st3527 0.0 0.0 8625.0 6425.0 1000.0 0.0
st3528 0.0 0.0 8625.0 6700.0 1000.0 0.0
st3529 0.0 0.0 8625.0 6975.0 1000.0 0.0
st3530 0.0 0.0 8625.0 7250.0 1000.0 0.0
st3531 0.0 0.0 8625.0 7525.0 1000.0 0.0
st3532 0.0 0.0 8625.0 7800.0 1000.0 0.0
st3533 0.0 0.0 8625.0 8075.0 1000.0 0.0
st3534 0.0 0.0 8625.0 8350.0 1000.0 0.0
st3535 0.0 0.0 8625.0 8625.0 1000.0 0.0
st3536 0.0 0.0 8625.0 8900.0 1000.0 0.0
st3537 0.0 0.0 8625.0 9175.0 1000.0 0.0
st3538 0.0 0.0 8625.0 9450.0 1000.0 0.0
st3539 0.0 0.0 8625.0 9725.0 1000.0 0.0
st361 0.0 0.0 8900.0 -725.0 1000.0 0.0
st362 0.0 0.0 8900.0 -450.0 1000.0 0.0
st363 0.0 0.0 8900.0 -175.0 1000.0 0.0
st364 0.0 0.0 8900.0 100.0 1000.0 0.0
st365 0.0 0.0 8900.0 375.0 1000.0 0.0
st366 0.0 0.0 8900.0 650.0 1000.0 0.0
st367 0.0 0.0 8900.0 925.0 1000.0 0.0
st368 0.0 0.0 8900.0 1200.0 1000.0 0.0
st369 0.0 0.0 8900.0 1475.0 1000.0 0.0
st3610 0.0 0.0 8900.0 1750.0 1000.0 0.0
st3611 0.0 0.0 8900.0 2025.0 1000.0 0.0
st3612 0.0 0.0 8900.0 2300.0 1000.0 0.0
st3613 0.0 0.0 8900.0 2575.0 1000.0 0.0
st3614 0.0 0.0 8900.0 2850.0 1000.0 0.0
st3615 0.0 0.0 8900.0 3125.0 1000.0 0.0
st3616 0.0 0.0 8900.0 3400.0 1000.0 0.0
st3617 0.0 0.0 8900.0 3675.0 1000.0 0.0
st3618 0.0 0.0 8900.0 3950.0 1000.0 0.0
st3619 0.0 0.0 8900.0 4225.0 1000.0 0.0
st3620 0.0 0.0 8900.0 4500.0 1000.0 0.0
st3621 0.0 0.0 8900.0 4775.0 1000.0 0.0
st3622 0.0 0.0 8900.0 5050.0 1000.0 0.0
st3623 0.0 0.0 8900.0 5325.0 1000.0 0.0
st3624 0.0 0.0 8900.0 5600.0 1000.0 0.0
st3625 0.0 0.0 8900.0 5875.0 1000.0 0.0
st3626 0.0 0.0 8900.0 6150.0 1000.0 0.0
st3627 0.0 0.0 8900.0 6425.0 1000.0 0.0
st3628 0.0 0.0 8900.0 6700.0 1000.0 0.0
st3629 0.0 0.0 8900.0 6975.0 1000.0 0.0
st3630 0.0 0.0 8900.0 7250.0 1000.0 0.0
st3631 0.0 0.0 8900.0 7525.0 1000.0 0.0
st3632 0.0 0.0 8900.0 7800.0 1000.0 0.0
st3633 0.0 0.0 8900.0 8075.0 1000.0 0.0
st3634 0.0 0.0 8900.0 8350.0 1000.0 0.0
st3635 0.0 0.0 8900.0 8625.0 1000.0 0.0
st3636 0.0 0.0 8900.0 8900.0 1000.0 0.0
st3637 0.0 0.0 8900.0 9175.0 1000.0 0.0
st3638 0.0 0.0 8900.0 9450.0 1000.0 0.0
st3639 0.0 0.0 8900.0 9725.0 1000.0 0.0
st371 0.0 0.0 9175.0 -725.0 1000.0 0.0
st372 0.0 0.0 9175.0 -450.0 1000.0 0.0
st373 0.0 0.0 9175.0 -175.0 1000.0 0.0
st374 0.0 0.0 9175.0 100.0 1000.0 0.0
st375 0.0 0.0 9175.0 375.0 1000.0 0.0
st376 0.0 0.0 9175.0 650.0 1000.0 0.0
st377 0.0 0.0 9175.0 925.0 1000.0 0.0
st378 0.0 0.0 9175.0 1200.0 1000.0 0.0
st379 0.0 0.0 9175.0 1475.0 1000.0 0.0
st3710 0.0 0.0 9175.0 1750.0 1000.0 0.0
st3711 0.0 0.0 9175.0 2025.0 1000.0 0.0
st3712 0.0 0.0 9175.0 2300.0 1000.0 0.0
st3713 0.0 0.0 9175.0 2575.0 1000.0 0.0
st3714 0.0 0.0 9175.0 2850.0 1000.0 0.0
st3715 0.0 0.0 9175.0 3125.0 1000.0 0.0
st3716 0.0 0.0 9175.0 3400.0 1000.0 0.0
st3717 0.0 0.0 9175.0 3675.0 1000.0 0.0
st3718 0.0 0.0 9175.0 3950.0 1000.0 0.0
st3719 0.0 0.0 9175.0 4225.0 1000.0 0.0
st3720 0.0 0.0 9175.0 4500.0 1000.0 0.0
st3721 0.0 0.0 9175.0 4775.0 1000.0 0.0
st3722 0.0 0.0 9175.0 5050.0 1000.0 0.0
st3723 0.0 0.0 9175.0 5325.0 1000.0 0.0
st3724 0.0 0.0 9175.0 5600.0 1000.0 0.0
st3725 0.0 0.0 9175.0 5875.0 1000.0 0.0
st3726 0.0 0.0 9175.0 6150.0 1000.0 0.0
st3727 0.0 0.0 9175.0 6425.0 1000.0 0.0
st3728 0.0 0.0 9175.0 6700.0 1000.0 0.0
st3729 0.0 0.0 9175.0 6975.0 1000.0 0.0
st3730 0.0 0.0 9175.0 7250.0 1000.0 0.0
st3731 0.0 0.0 9175.0 7525.0 1000.0 0.0
st3732 0.0 0.0 9175.0 7800.0 1000.0 0.0
st3733 0.0 0.0 9175.0 8075.0 1000.0 0.0
st3734 0.0 0.0 9175.0 8350.0 1000.0 0.0
st3735 0.0 0.0 9175.0 8625.0 1000.0 0.0
st3736 0.0 0.0 9175.0 8900.0 1000.0 0.0
st3737 0.0 0.0 9175.0 9175.0 1000.0 0.0
st3738 0.0 0.0 9175.0 9450.0 1000.0 0.0
st3739 0.0 0.0 9175.0 9725.0 1000.0 0.0
st381 0.0 0.0 9450.0 -725.0 1000.0 0.0
st382 0.0 0.0 9450.0 -450.0 1000.0 0.0
st383 0.0 0.0 9450.0 -175.0 1000.0 0.0
st384 0.0 0.0 9450.0 100.0 1000.0 0.0
st385 0.0 0.0 9450.0 375.0 1000.0 0.0
st386 0.0 0.0 9450.0 650.0 1000.0 0.0
st387 0.0 0.0 9450.0 925.0 1000.0 0.0
st388 0.0 0.0 9450.0 1200.0 1000.0 0.0
st389 0.0 0.0 9450.0 1475.0 1000.0 0.0
st3810 0.0 0.0 9450.0 1750.0 1000.0 0.0
st3811 0.0 0.0 9450.0 2025.0 1000.0 0.0
st3812 0.0 0.0 9450.0 2300.0 1000.0 0.0
st3813 0.0 0.0 9450.0 2575.0 1000.0 0.0
st3814 0.0 0.0 9450.0 2850.0 1000.0 0.0
st3815 0.0 0.0 9450.0 3125.0 1000.0 0.0
st3816 0.0 0.0 9450.0 3400.0 1000.0 0.0
st3817 0.0 0.0 9450.0 3675.0 1000.0 0.0
st3818 0.0 0.0 9450.0 3950.0 1000.0 0.0
st3819 0.0 0.0 9450.0 4225.0 1000.0 0.0
st3820 0.0 0.0 9450.0 4500.0 1000.0 0.0
st3821 0.0 0.0 9450.0 4775.0 1000.0 0.0
st3822 0.0 0.0 9450.0 5050.0 1000.0 0.0
st3823 0.0 0.0 9450.0 5325.0 1000.0 0.0
st3824 0.0 0.0 9450.0 5600.0 1000.0 0.0
st3825 0.0 0.0 9450.0 5875.0 1000.0 0.0
st3826 0.0 0.0 9450.0 6150.0 1000.0 0.0
st3827 0.0 0.0 9450.0 6425.0 1000.0 0.0
st3828 0.0 0.0 9450.0 6700.0 1000.0 0.0
st3829 0.0 0.0 9450.0 6975.0 1000.0 0.0
st3830 0.0 0.0 9450.0 7250.0 1000.0 0.0
st3831 0.0 0.0 9450.0 7525.0 1000.0 0.0
st3832 0.0 0.0 9450.0 7800.0 1000.0 0.0
st3833 0.0 0.0 9450.0 8075.0 1000.0 0.0
st3834 0.0 0.0 9450.0 8350.0 1000.0 0.0
st3835 0.0 0.0 9450.0 8625.0 1000.0 0.0
st3836 0.0 0.0 9450.0 8900.0 1000.0 0.0
st3837 0.0 0.0 9450.0 9175.0 1000.0 0.0
st3838 0.0 0.0 9450.0 9450.0 1000.0 0.0
st3839 0.0 0.0 9450.0 9725.0 1000.0 0.0
st391 0.0 0.0 9725.0 -725.0 1000.0 0.0
st392 0.0 0.0 9725.0 -450.0 1000.0 0.0
st393 0.0 0.0 9725.0 -175.0 1000.0 0.0
st394 0.0 0.0 9725.0 100.0 1000.0 0.0
st395 0.0 0.0 9725.0 375.0 1000.0 0.0
st396 0.0 0.0 9725.0 650.0 1000.0 0.0
st397 0.0 0.0 9725.0 925.0 1000.0 0.0
st398 0.0 0.0 9725.0 1200.0 1000.0 0.0
st399 0.0 0.0 9725.0 1475.0 1000.0 0.0
st3910 0.0 0.0 9725.0 1750.0 1000.0 0.0
st3911 0.0 0.0 9725.0 2025.0 1000.0 0.0
st3912 0.0 0.0 9725.0 2300.0 1000.0 0.0
st3913 0.0 0.0 9725.0 2575.0 1000.0 0.0
st3914 0.0 0.0 9725.0 2850.0 1000.0 0.0
st3915 0.0 0.0 9725.0 3125.0 1000.0 0.0
st3916 0.0 0.0 9725.0 3400.0 1000.0 0.0
st3917 0.0 0.0 9725.0 3675.0 1000.0 0.0
st3918 0.0 0.0 9725.0 3950.0 1000.0 0.0
st3919 0.0 0.0 9725.0 4225.0 1000.0 0.0
st3920 0.0 0.0 9725.0 4500.0 1000.0 0.0
st3921 0.0 0.0 9725.0 4775.0 1000.0 0.0
st3922 0.0 0.0 9725.0 5050.0 1000.0 0.0
st3923 0.0 0.0 9725.0 5325.0 1000.0 0.0
st3924 0.0 0.0 9725.0 5600.0 1000.0 0.0
st3925 0.0 0.0 9725.0 5875.0 1000.0 0.0
st3926 0.0 0.0 9725.0 6150.0 1000.0 0.0
st3927 0.0 0.0 9725.0 6425.0 1000.0 0.0
st3928 0.0 0.0 9725.0 6700.0 1000.0 0.0
st3929 0.0 0.0 9725.0 6975.0 1000.0 0.0
st3930 0.0 0.0 9725.0 7250.0 1000.0 0.0
st3931 0.0 0.0 9725.0 7525.0 1000.0 0.0
st3932 0.0 0.0 9725.0 7800.0 1000.0 0.0
st3933 0.0 0.0 9725.0 8075.0 1000.0 0.0
st3934 0.0 0.0 9725.0 8350.0 1000.0 0.0
st3935 0.0 0.0 9725.0 8625.0 1000.0 0.0
st3936 0.0 0.0 9725.0 8900.0 1000.0 0.0
st3937 0.0 0.0 9725.0 9175.0 1000.0 0.0
st3938 0.0 0.0 9725.0 9450.0 1000.0 0.0
st3939 0.0 0.0 9725.0 9725.0 1000.0 0.0
